Номер пакета	Время	Давление	Температура	Высота	Состояние
18385	1986811	99496.70782688976	29.583566665649414	-0.7895641129753606	4
18386	1986919	99496.70782688976	29.583566665649414	-0.7895641129753606	4
18387	1987027	99496.20747445681	29.580394744873047	-0.7471710389504493	4
18388	1987135	99498.77888866651	29.579126358032227	-0.9650960993127744	4
18389	1987243	99498.77888866651	29.579126358032227	-0.9650960993127744	4
18390	1987351	99496.53627541718	29.58134651184082	-0.7749915132418383	4
18391	1987459	99494.92354875624	29.576587677001953	-0.6378755993203411	4
18392	1987567	99494.92354875624	29.576587677001953	-0.6378755993203411	4
18393	1987675	99496.7747998157	29.57309913635254	-0.7948632351016061	4
18394	1987783	99496.46295527098	29.5689754486084	-0.768367597529438	4
18395	1987891	99496.46295527098	29.5689754486084	-0.768367597529438	4
18396	1987999	99498.18733148031	29.5689754486084	-0.9147551528613462	4
18397	1988107	99499.28623867055	29.565170288085938	-1.0081506631797965	4
18398	1988215	99499.28623867055	29.565170288085938	-1.0081506631797965	4
18399	1988323	99499.3682976302	29.555971145629883	-1.014774426440137	4
18400	1988431	99497.92627798369	29.555654525756836	-0.892896508264891	4
18401	1988539	99497.92627798369	29.555654525756836	-0.892896508264891	4
18402	1988647	99498.82228861883	29.5493106842041	-0.9684079951565794	4
18403	1988755	99497.74206671555	29.545820236206055	-0.8769992833826912	4
18404	1988863	99497.74206671555	29.545820236206055	-0.8769992833826912	4
18405	1988971	99499.38946385305	29.542015075683594	-1.0167615545953446	4
18406	1989079	99498.18583005846	29.533451080322266	-0.9147551528613462	4
18407	1989187	99498.18583005846	29.533451080322266	-0.9147551528613462	4
18408	1989295	99498.14017786582	29.52996063232422	-0.9107808572468845	4
18409	1989403	99497.56369128612	29.521080017089844	-0.8617644201187602	4
18410	1989511	99497.56369128612	29.521080017089844	-0.8617644201187602	4
18411	1989619	99496.01603172126	29.510295867919922	-0.7306111975495067	4
18412	1989727	99496.67772874184	29.501415252685547	-0.786914550903306	4
18413	1989835	99496.67772874184	29.501415252685547	-0.786914550903306	4
18414	1989943	99497.32575023221	29.487140655517578	-0.8418928258568781	4
18415	1990051	99498.59759654327	29.48111343383789	-0.9491989846059301	4
18416	1990159	99498.59759654327	29.48111343383789	-0.9491989846059301	4
18417	1990267	99497.74183204191	29.463985443115234	-0.8769992833826912	4
18418	1990375	99497.91811616598	29.453201293945312	-0.8922341243713761	4
18419	1990483	99497.91811616598	29.453201293945312	-0.8922341243713761	4
18420	1990591	99496.69909974377	29.443368911743164	-0.7882393320279224	4
18421	1990699	99499.31643005973	29.44368553161621	-1.0108001689879065	4
18422	1990807	99499.31643005973	29.44368553161621	-1.0108001689879065	4
18423	1990915	99500.24400487017	29.43543815612793	-1.0889602872834026	4
18424	1991023	99500.52921733144	29.426557540893555	-1.113468000234814	4
18425	1991131	99500.52921733144	29.426557540893555	-1.113468000234814	4
18427	1991347	99500.07897842782	29.413869857788086	-1.075050478618751	4
18428	1991455	99500.07897842782	29.413869857788086	-1.075050478618751	4
18429	1991563	99501.49230040863	29.405622482299805	-1.1949391721670422	4
18430	1991671	99499.29990704045	29.40054702758789	-1.0088130396908834	4
18431	1991779	99499.29990704045	29.40054702758789	-1.0088130396908834	4
18432	1991887	99501.66894970009	29.39261817932129	-1.2101735482497844	4
18433	1991995	99499.14778851037	29.3865909576416	-0.9962278786863932	4
18434	1992103	99499.14778851037	29.3865909576416	-0.9962278786863932	4
18435	1992211	99497.94389951177	29.378026962280273	-0.8942212759042723	4
18436	1992319	99503.30452733027	29.374855041503906	-1.3486066404285957	4
18437	1992427	99503.30452733027	29.374855041503906	-1.3486066404285957	4
18438	1992535	99502.3348263302	29.36882972717285	-1.266474310046528	4
18441	1992859	99501.37049133806	29.345674514770508	-1.1843413321861518	4
18442	1992967	99502.40867441396	29.33266830444336	-1.272435549363773	4
18443	1993075	99502.40867441396	29.33266830444336	-1.272435549363773	4
18444	1993183	99499.68588582902	29.31998062133789	-1.0419318117964504	4
18445	1993291	99501.83538708225	29.31078338623047	-1.2240831765174254	4
18446	1993399	99501.36989305957	29.294923782348633	-1.1843413321861518	4
18447	1993507	99501.36989305957	29.294923782348633	-1.1843413321861518	4
18448	1993615	99499.14760503154	29.28540802001953	-0.9962278786863932	4
18449	1993723	99500.52892291201	29.276844024658203	-1.113468000234814	4
18450	1993831	99500.52892291201	29.276844024658203	-1.113468000234814	4
18451	1993939	99499.41868096993	29.26891326904297	-1.0194110582182558	4
18452	1994047	99501.2685634354	29.265424728393555	-1.1757305792747963	4
18453	1994155	99501.2685634354	29.265424728393555	-1.1757305792747963	4
18454	1994263	99499.67427921535	29.25115203857422	-1.0406070629281228	4
18455	1994371	99498.61122324281	29.24226951599121	-0.9505237450892778	4
18456	1994479	99498.61122324281	29.24226951599121	-0.9505237450892778	4
18457	1994587	99501.38755863892	29.230533599853516	-1.1863284280063247	4
18458	1994695	99498.69429377704	29.22450828552246	-0.957809924745503	4
18459	1994803	99498.69429377704	29.22450828552246	-0.957809924745503	4
18460	1994911	99499.00881923985	29.22006607055664	-0.9843050805601061	4
18461	1995019	99503.28773179879	29.21340560913086	-1.3472819305591743	4
18462	1995127	99503.28773179879	29.21340560913086	-1.3472819305591743	4
18463	1995235	99500.110367115	29.201034545898438	-1.0776999674177468	4
18464	1995343	99503.71564797366	29.193422317504883	-1.3837113905759901	4
18465	1995451	99503.71564797366	29.193422317504883	-1.3837113905759901	4
18466	1995559	99501.74356619433	29.18549346923828	-1.216134819783945	4
18468	1995775	99501.85589344683	29.17439079284668	-1.2260702647583055	4
18469	1995883	99502.95495251573	29.163925170898438	-1.3188006276352993	4
18470	1995991	99501.95474412659	29.153457641601562	-1.2340186139124931	4
18471	1996099	99501.95474412659	29.153457641601562	-1.2340186139124931	4
18472	1996207	99503.16294513566	29.144893646240234	-1.3366842455403694	4
18473	1996315	99502.50684775152	29.136329650878906	-1.2810462223578845	4
18474	1996423	99502.50684775152	29.136329650878906	-1.2810462223578845	4
18475	1996531	99502.50872249118	29.127763748168945	-1.2810462223578845	4
18476	1996639	99502.58992545023	29.114442825317383	-1.2883321708752105	4
18477	1996747	99502.58992545023	29.114442825317383	-1.2883321708752105	4
18478	1996855	99501.30753926201	29.104291915893555	-1.1790424081550577	4
18479	1996963	99503.2681601506	29.091604232788086	-1.3452948654400587	4
18481	1997179	99502.81679171526	29.077014923095703	-1.307540556173581	4
18484	1997503	99503.52552232955	29.05671501159668	-1.3671525609023538	4
18485	1997611	99502.35349098845	29.041807174682617	-1.2677990301922892	4
18486	1997719	99502.35349098845	29.041807174682617	-1.2677990301922892	4
18487	1997827	99504.87683269044	29.03292465209961	-1.4817391231876864	4
18488	1997935	99503.70393690781	29.022457122802734	-1.3823866851753985	4
18489	1998043	99503.70393690781	29.022457122802734	-1.3823866851753985	4
18490	1998151	99503.37771126907	29.00628089904785	-1.3545678327542254	4
18491	1998259	99503.11363981398	28.99295997619629	-1.3327101108825246	4
18492	1998367	99503.11363981398	28.99295997619629	-1.3327101108825246	4
18493	1998475	99504.44612221389	28.985029220581055	-1.445310005922238	4
18494	1998583	99506.27989033358	28.97614860534668	-1.600960798203379	4
18495	1998691	99506.27989033358	28.97614860534668	-1.600960798203379	4
18496	1998799	99502.22527099148	28.96472930908203	-1.2572012643211328	4
18497	1998907	99503.43243803049	28.956165313720703	-1.359204313310689	4
18498	1999015	99503.43243803049	28.956165313720703	-1.359204313310689	4
18499	1999123	99504.0139449834	28.941574096679688	-1.4088807612852983	4
18500	1999231	99500.99330574325	28.927936553955078	-1.1525477475734114	4
18501	1999339	99500.99330574325	28.927936553955078	-1.1525477475734114	4
18502	1999447	99501.37083933511	28.91524887084961	-1.1843413321861518	4
18503	1999555	99503.36039955246	28.90953826904297	-1.3532431236427334	4
18504	1999663	99503.36039955246	28.90953826904297	-1.3532431236427334	4
18505	1999771	99505.92952742075	28.901926040649414	-1.5711555073524819	4
18506	1999879	99504.00467628571	28.890825271606445	-1.4082184101992934	4
18507	1999987	99504.00467628571	28.890825271606445	-1.4082184101992934	4
18508	2000095	99502.40857372635	28.880990982055664	-1.272435549363773	4
18509	2000203	99503.16112799417	28.872745513916016	-1.3366842455403694	4
18510	2000311	99503.28769532948	28.86069107055664	-1.3472819305591743	4
18511	2000419	99503.28769532948	28.86069107055664	-1.3472819305591743	4
18512	2000527	99503.91559001397	28.845149993896484	-1.400270193938653	4
18513	2000635	99502.00602846604	28.83753776550293	-1.2386551481244434	4
18514	2000743	99502.00602846604	28.83753776550293	-1.2386551481244434	4
18515	2000851	99503.1499084201	28.828655242919922	-1.3353595341649327	4
18516	2000959	99503.11938070443	28.819774627685547	-1.3327101108825246	4
18517	2001067	99503.11938070443	28.819774627685547	-1.3327101108825246	4
18518	2001175	99503.27643025662	28.814382553100586	-1.345957220522418	4
18519	2001283	99501.41427124315	28.801694869995117	-1.1883155234426113	4
18520	2001391	99501.41427124315	28.801694869995117	-1.1883155234426113	4
18521	2001499	99503.0749675774	28.788372039794922	-1.3293983308444068	4
18522	2001607	99503.78036408393	28.776636123657227	-1.3890102105148494	4
18523	2001715	99503.78036408393	28.776636123657227	-1.3890102105148494	4
18524	2001823	99502.5759619003	28.75950813293457	-1.2870074533379072	4
18525	2001931	99503.10885480077	28.74999237060547	-1.3320477549634901	4
18526	2002039	99503.10885480077	28.74999237060547	-1.3320477549634901	4
18527	2002147	99504.03312820631	28.739526748657227	-1.4102054633195027	4
18529	2002363	99500.1198637002	28.728107452392578	-1.0783623395092201	4
18530	2002471	99504.39428636977	28.717004776000977	-1.440673563675654	4
18531	2002579	99501.24851556525	28.696388244628906	-1.174405847425426	4
18532	2002687	99501.24851556525	28.696388244628906	-1.174405847425426	4
18533	2002795	99504.30162203936	28.68211555480957	-1.433387721701529	4
18535	2003011	99504.02028116609	28.66530418395996	-1.409543112322087	4
18536	2003119	99502.47070151595	28.658960342407227	-1.2777344259012469	4
18537	2003227	99504.80326996768	28.6488094329834	-1.475778003623267	4
18538	2003335	99504.80326996768	28.6488094329834	-1.475778003623267	4
18539	2003443	99502.07964335046	28.64468765258789	-1.244616403358203	4
18540	2003551	99501.32851412371	28.6291446685791	-1.181029504989084	4
18541	2003659	99501.32851412371	28.6291446685791	-1.181029504989084	4
18542	2003767	99502.72168722811	28.621849060058594	-1.2989299050708292	4
18543	2003875	99503.00348137792	28.60852813720703	-1.322774767598649	4
18544	2003983	99503.00348137792	28.60852813720703	-1.322774767598649	4
18545	2004091	99500.70259278425	28.59742546081543	-1.1280401265578366	4
18546	2004199	99502.25208667821	28.584421157836914	-1.2591883462426545	4
18547	2004307	99502.25208667821	28.584421157836914	-1.2591883462426545	4
18548	2004415	99504.74066849494	28.57966423034668	-1.4704792278116408	4
18549	2004523	99503.59794158571	28.569196701049805	-1.3737760959373935	4
18550	2004631	99503.59794158571	28.569196701049805	-1.3737760959373935	4
18551	2004739	99503.89512925218	28.559364318847656	-1.398945490634671	4
18552	2004847	99505.97636558248	28.545406341552734	-1.5751295510588137	4
18553	2004955	99505.97636558248	28.545406341552734	-1.5751295510588137	4
18554	2005063	99505.41254764087	28.533353805541992	-1.5274409265263245	4
18556	2005279	99505.77198790105	28.519397735595703	-1.5579086840425194	4
18557	2005387	99504.78554367168	28.507978439331055	-1.4744533099164414	4
18558	2005495	99505.80222143691	28.495925903320312	-1.5605580500569727	4
18560	2005711	99506.83475705779	28.489582061767578	-1.6479867503862833	4
18561	2005819	99508.18010180016	28.480701446533203	-1.761907895466397	4
18562	2005927	99508.18010180016	28.480701446533203	-1.761907895466397	4
18563	2006035	99505.25331204393	28.47435760498047	-1.5135317032488405	4
18564	2006143	99505.53417780668	28.461034774780273	-1.5373760746384901	4
18565	2006251	99505.53417780668	28.461034774780273	-1.5373760746384901	4
18566	2006359	99507.75578175526	28.45342254638672	-1.7261420887171397	4
18567	2006467	99509.16336388787	28.442955017089844	-1.8453609670820836	4
18568	2006575	99509.16336388787	28.442955017089844	-1.8453609670820836	4
18569	2006683	99505.37549787849	28.429950714111328	-1.5241292083824831	4
18570	2006791	99506.61083872594	28.419483184814453	-1.6287789927419416	4
18571	2006899	99506.61083872594	28.419483184814453	-1.6287789927419416	4
18572	2007007	99506.86115439497	28.41884994506836	-1.649973757774812	4
18573	2007115	99504.3250824523	28.405210494995117	-1.4353747700182384	4
18574	2007223	99506.10795344495	28.394742965698242	-1.5863893333262191	4
18575	2007331	99506.10795344495	28.394742965698242	-1.5863893333262191	4
18576	2007439	99507.60911653125	28.384910583496094	-1.7135577941833025	4
18577	2007547	99506.74767859552	28.376346588134766	-1.6407010533833577	4
18578	2007655	99506.74767859552	28.376346588134766	-1.6407010533833577	4
18579	2007763	99504.18000356467	28.360170364379883	-1.4227901242678498	4
18580	2007871	99505.49356102802	28.3535099029541	-1.534064359654328	4
18581	2007979	99505.49356102802	28.3535099029541	-1.534064359654328	4
18582	2008087	99504.25655887875	28.344627380371094	-1.4294136239262945	4
18583	2008195	99504.24005934087	28.33701515197754	-1.4280889243332129	4
18584	2008303	99504.24005934087	28.33701515197754	-1.4280889243332129	4
18585	2008411	99504.09877890573	28.3328914642334	-1.4161666203964995	4
18586	2008519	99505.39589544827	28.32052230834961	-1.5261162393947814	4
18587	2008627	99505.39589544827	28.32052230834961	-1.5261162393947814	4
18588	2008735	99506.14474108654	28.3037109375	-1.5897010316851534	4
18590	2008951	99506.5981102894	28.30117416381836	-1.628116655643177	4
18591	2009059	99505.12541303078	28.28563117980957	-1.502934187336853	4
18592	2009167	99505.40576896988	28.276750564575195	-1.5267785829802394	4
18593	2009275	99505.40576896988	28.276750564575195	-1.5267785829802394	4
18594	2009383	99505.5146153033	28.271991729736328	-1.5360513887668814	4
18595	2009491	99502.6496702003	28.257402420043945	-1.2929686809121699	4
18598	2009815	99502.74140551727	28.24281120300293	-1.300916979029172	4
18599	2009923	99502.74140551727	28.24281120300293	-1.300916979029172	4
18600	2010031	99503.61630119334	28.235515594482422	-1.3751008024404276	4
18601	2010139	99504.4285194019	28.22758674621582	-1.44398530834702	4
18602	2010247	99504.4285194019	28.22758674621582	-1.44398530834702	4
18603	2010355	99504.59920788858	28.219022750854492	-1.4585569723922442	4
18604	2010463	99503.56573196084	28.212678909301758	-1.3704643289514085	4
18606	2010679	99504.06503068157	28.205066680908203	-1.4128548668859064	4
18607	2010787	99503.50058337663	28.19713592529297	-1.3651654995827278	4
18608	2010895	99503.50058337663	28.19713592529297	-1.3651654995827278	4
18609	2011003	99503.68701378333	28.18984031677246	-1.3810619795976287	4
18610	2011111	99501.85472010465	28.177154541015625	-1.2254079020572806	4
18611	2011219	99501.85472010465	28.177154541015625	-1.2254079020572806	4
18612	2011327	99502.11959059164	28.171443939208984	-1.2479282103471045	4
18613	2011435	99499.50588396964	28.16256332397461	-1.0266971897016774	4
18614	2011543	99499.50588396964	28.16256332397461	-1.0266971897016774	4
18615	2011651	99502.74323063789	28.160343170166016	-1.300916979029172	4
18616	2011759	99503.0702798903	28.15273094177246	-1.3287359747088212	4
18617	2011867	99503.0702798903	28.15273094177246	-1.3287359747088212	4
18618	2011975	99502.74041208338	28.145118713378906	-1.300916979029172	4
18619	2012083	99502.20757414124	28.139726638793945	-1.2558765428366914	4
18620	2012191	99502.20757414124	28.139726638793945	-1.2558765428366914	4
18621	2012299	99502.8160104622	28.13179588317871	-1.3068781986402556	4
18622	2012407	99503.83242283273	28.13052749633789	-1.3936466757552357	4
18623	2012515	99503.83242283273	28.13052749633789	-1.3936466757552357	4
18624	2012623	99503.40852931856	28.12259864807129	-1.3572172504752045	4
18626	2012839	99504.48668671884	28.117523193359375	-1.4486217491171183	4
18627	2012947	99502.92110071296	28.10991096496582	-1.3161512001498288	4
18628	2013055	99504.50034857538	28.108007431030273	-1.449946446101742	4
18629	2013163	99504.50034857538	28.108007431030273	-1.449946446101742	4
18630	2013271	99502.32467742021	28.099760055541992	-1.2658119499047449	4
18631	2013379	99502.62064419225	28.094051361083984	-1.29031924686126	4
18632	2013487	99502.62064419225	28.094051361083984	-1.29031924686126	4
18633	2013595	99503.21345109884	28.087072372436523	-1.3406583786921988	4
18634	2013703	99502.3359932658	28.07946014404297	-1.266474310046528	4
18635	2013811	99503.53928165081	28.07501983642578	-1.3684772682519064	4
18637	2014027	99501.12989622874	28.07089614868164	-1.1644703531758194	4
18638	2014135	99503.99129748851	28.068359375	-1.4068937079091648	4
18639	2014243	99503.99129748851	28.068359375	-1.4068937079091648	4
18641	2014459	99501.51735403501	28.055036544799805	-1.1969262659595081	4
18642	2014567	99501.51735403501	28.055036544799805	-1.1969262659595081	4
18643	2014675	99501.68742211565	28.046472549438477	-1.211498275551579	4
18644	2014783	99502.53013344086	28.038860321044922	-1.2830332997318306	4
18646	2014999	99501.606876605	28.03632354736328	-1.2048746373594121	4
18647	2015107	99505.84321033096	28.02934455871582	-1.5638697566153237	4
18649	2015323	99502.22925557842	28.023000717163086	-1.2572012643211328	4
18651	2015539	99504.37151860262	28.022367477416992	-1.4393488655098419	4
18652	2015647	99503.08725418618	28.014436721801758	-1.3300606869406195	4
18654	2015863	99505.71204813257	28.00492286682129	-1.5526099500055923	4
18655	2015971	99506.28909238009	27.9988956451416	-1.6016231370345535	4
18656	2016079	99503.86390525285	27.99350357055664	-1.396296083534545	4
18657	2016187	99503.86390525285	27.99350357055664	-1.396296083534545	4
18658	2016295	99507.01992261922	27.983036041259766	-1.663882798903189	4
18659	2016403	99504.17044652536	27.969715118408203	-1.4221277740677363	4
18660	2016511	99504.17044652536	27.969715118408203	-1.4221277740677363	4
18661	2016619	99504.4506567375	27.964956283569336	-1.4459723546458658	4
18662	2016727	99503.1674694724	27.961151123046875	-1.3366842455403694	4
18663	2016835	99503.1674694724	27.961151123046875	-1.3366842455403694	4
18664	2016943	99502.07109219382	27.95448875427246	-1.2439540418383666	4
18666	2017159	99504.96198823026	27.94782829284668	-1.4890249313502912	4
18667	2017267	99503.16222638065	27.941802978515625	-1.3366842455403694	4
18669	2017483	99501.92337244218	27.928796768188477	-1.2313691648703329	4
18670	2017591	99504.0333606996	27.92594337463379	-1.4102054633195027	4
18671	2017699	99506.47133537158	27.92181968688965	-1.6168569184676418	4
18672	2017807	99506.47133537158	27.92181968688965	-1.6168569184676418	4
18673	2017915	99504.57696829834	27.91325569152832	-1.4565699284951483	4
18674	2018023	99505.91965998553	27.90659523010254	-1.5704931665821897	4
18676	2018239	99503.97861737167	27.898664474487305	-1.4055690054517012	4
18677	2018347	99503.69603771693	27.894859313964844	-1.3817243324062	4
18678	2018455	99503.69603771693	27.894859313964844	-1.3817243324062	4
18679	2018563	99503.81879435046	27.88692855834961	-1.3923219716145785	4
18680	2018671	99506.03725503219	27.88153648376465	-1.5804282736480557	4
18681	2018779	99506.03725503219	27.88153648376465	-1.5804282736480557	4
18682	2018887	99505.30136339007	27.878047943115234	-1.5181681130718006	4
18683	2018995	99503.125035673	27.86758041381836	-1.333372466762186	4
18684	2019103	99503.125035673	27.86758041381836	-1.333372466762186	4
18685	2019211	99503.28035915171	27.864408493041992	-1.3466195755654042	4
18686	2019319	99506.52985787792	27.856796264648438	-1.6221556198348641	4
18687	2019427	99506.52985787792	27.856796264648438	-1.6221556198348641	4
18688	2019535	99504.27618669097	27.849184036254883	-1.430738323352041	4
18689	2019643	99504.1188633451	27.846012115478516	-1.417491321515283	4
18690	2019751	99504.1188633451	27.846012115478516	-1.417491321515283	4
18691	2019859	99505.71255874328	27.843156814575195	-1.5526099500055923	4
18692	2019967	99505.81979566932	27.836179733276367	-1.5618827328082752	4
18693	2020075	99505.9263097566	27.827299118041992	-1.5711555073524819	4
18694	2020183	99505.9263097566	27.827299118041992	-1.5711555073524819	4
18695	2020291	99508.9123774402	27.82761573791504	-1.824166599519137	4
18697	2020507	99506.50274547786	27.821271896362305	-1.6195062694810014	4
18698	2020615	99506.70174514451	27.808584213256836	-1.636727034688692	4
18699	2020723	99506.0284902532	27.80541229248047	-1.5797659334683578	4
18700	2020831	99506.0284902532	27.80541229248047	-1.5797659334683578	4
18701	2020939	99505.93232265915	27.79843521118164	-1.5711555073524819	4
18702	2021047	99505.44486305701	27.789871215820312	-1.5300903002775623	4
18704	2021263	99504.63025304598	27.7847957611084	-1.4612063636644446	4
18705	2021371	99506.12972339497	27.781307220458984	-1.5883763524675731	4
18706	2021479	99506.12972339497	27.781307220458984	-1.5883763524675731	4
18707	2021587	99508.14427298929	27.775596618652344	-1.7585962518457054	4
18708	2021695	99505.10957527543	27.76957130432129	-1.5016094970948468	4
18709	2021803	99505.10957527543	27.76957130432129	-1.5016094970948468	4
18710	2021911	99504.32553006474	27.762592315673828	-1.4353747700182384	4
18711	2022019	99505.24565178258	27.756567001342773	-1.5128693588267073	4
18712	2022127	99505.24565178258	27.756567001342773	-1.5128693588267073	4
18713	2022235	99503.82042392135	27.74863624572754	-1.3923219716145785	4
18714	2022343	99503.72412496294	27.74165916442871	-1.3843737432172265	4
18715	2022451	99503.72412496294	27.74165916442871	-1.3843737432172265	4
18716	2022559	99504.50666048913	27.7445125579834	-1.4506087945300727	4
18717	2022667	99504.81610970534	27.735631942749023	-1.4764403504077772	4
18718	2022775	99504.81610970534	27.735631942749023	-1.4764403504077772	4
18719	2022883	99505.78429989495	27.733095169067383	-1.5585710256101137	4
18720	2022991	99505.529683192	27.72072410583496	-1.5373760746384901	4
18721	2023099	99505.529683192	27.72072410583496	-1.5373760746384901	4
18723	2023315	99503.6014858913	27.70549964904785	-1.3737760959373935	4
18724	2023423	99503.6014858913	27.70549964904785	-1.3737760959373935	4
18725	2023531	99504.08352757114	27.69883918762207	-1.4148419191202244	4
18726	2023639	99504.4546438333	27.688371658325195	-1.4459723546458658	4
18727	2023747	99504.4546438333	27.688371658325195	-1.4459723546458658	4
18728	2023855	99503.42226303446	27.6861515045166	-1.3585419590748482	4
18729	2023963	99502.54409658963	27.678539276123047	-1.284358017771139	4
18730	2024071	99502.54409658963	27.678539276123047	-1.284358017771139	4
18732	2024287	99502.32145351075	27.6687068939209	-1.265149589733432	4
18733	2024395	99502.32145351075	27.6687068939209	-1.265149589733432	4
18734	2024503	99503.17602759581	27.655702590942383	-1.3380089567583142	4
18735	2024611	99500.40757416417	27.650310516357422	-1.1028700773837086	4
18736	2024719	99500.40757416417	27.650310516357422	-1.1028700773837086	4
18738	2024935	99502.13772647112	27.638574600219727	-1.249915294040409	4
18739	2025043	99502.13772647112	27.638574600219727	-1.249915294040409	4
18740	2025151	99501.15196539434	27.635719299316406	-1.1657950862949673	4
18741	2025259	99501.27386676939	27.627790451049805	-1.1763929451355004	4
18742	2025367	99501.27386676939	27.627790451049805	-1.1763929451355004	4
18743	2025475	99503.03867124327	27.624935150146484	-1.3260865497530627	4
18744	2025583	99502.08250030145	27.617956161499023	-1.2452787648386665	4
18747	2025907	99500.68675522122	27.60590362548828	-1.126715388645032	4
18748	2026015	99500.68675522122	27.60590362548828	-1.126715388645032	4
18749	2026123	99501.82741643279	27.605587005615234	-1.2234208136884384	4
18750	2026231	99502.21600911819	27.60051155090332	-1.2565389035985985	4
18751	2026339	99503.0414999307	27.59385108947754	-1.3260865497530627	4
18752	2026447	99503.0414999307	27.59385108947754	-1.3260865497530627	4
18753	2026555	99501.44603954021	27.590362548828125	-1.1909649834402947	4
18754	2026663	99503.13099071568	27.58370018005371	-1.3340348226024745	4
18755	2026771	99503.13099071568	27.58370018005371	-1.3340348226024745	4
18756	2026879	99500.47010139766	27.573551177978516	-1.1081690401577848	4
18757	2026987	99501.95265908973	27.56879425048828	-1.2340186139124931	4
18758	2027095	99501.95265908973	27.56879425048828	-1.2340186139124931	4
18759	2027203	99505.32694688362	27.566255569458008	-1.5201551452259143	4
18761	2027419	99504.79326551611	27.560863494873047	-1.4751156567895407	4
18762	2027527	99503.01073508103	27.558326721191406	-1.3234371241181209	4
18763	2027635	99503.71163315841	27.552934646606445	-1.3830490378953808	4
18764	2027743	99503.71163315841	27.552934646606445	-1.3830490378953808	4
18765	2027851	99504.14660405653	27.547224044799805	-1.4201407232213148	4
18766	2027959	99502.69173674296	27.543418884277344	-1.2969428307286002	4
18767	2028067	99502.69173674296	27.543418884277344	-1.2969428307286002	4
18768	2028175	99502.39260857881	27.53834342956543	-1.271110829808606	4
18769	2028283	99502.42205066464	27.53421974182129	-1.2737602687516048	4
18770	2028391	99502.42205066464	27.53421974182129	-1.2737602687516048	4
18771	2028499	99503.09057805827	27.526607513427734	-1.330723042987616	4
18772	2028607	99502.63472574118	27.52058219909668	-1.2916439639654609	4
18773	2028715	99502.63472574118	27.52058219909668	-1.2916439639654609	4
18775	2028931	99503.55390662196	27.514554977416992	-1.3698019754242807	4
18776	2029039	99503.55390662196	27.514554977416992	-1.3698019754242807	4
18777	2029147	99502.95846257321	27.51074981689453	-1.319462984400852	4
18779	2029363	99500.83033345964	27.504087448120117	-1.1386380237968385	4
18780	2029471	99500.54925659981	27.504405975341797	-1.1147927398406554	4
18781	2029579	99503.40652530489	27.49964714050293	-1.3572172504752045	4
18784	2029903	99502.04177349411	27.487911224365234	-1.241304595316075	4
18785	2030011	99502.04177349411	27.487911224365234	-1.241304595316075	4
18787	2030227	99500.66382874992	27.4815673828125	-1.12472828145592	4
18788	2030335	99500.66382874992	27.4815673828125	-1.12472828145592	4
18790	2030551	99499.92387163576	27.469514846801758	-1.0618030245246102	4
18791	2030659	99499.92387163576	27.469514846801758	-1.0618030245246102	4
18793	2030875	99501.62536852506	27.466026306152344	-1.206199365330547	4
18794	2030983	99501.62536852506	27.466026306152344	-1.206199365330547	4
18795	2031091	99501.60717354053	27.460634231567383	-1.2048746373594121	4
18796	2031199	99501.96606728074	27.45968246459961	-1.2353433381825707	4
18797	2031307	99501.96606728074	27.45968246459961	-1.2353433381825707	4
18798	2031415	99500.69830759002	27.454925537109375	-1.1273777576161992	4
18799	2031523	99503.79185507074	27.454925537109375	-1.3896725628214157	4
18800	2031631	99503.79185507074	27.454925537109375	-1.3896725628214157	4
18803	2031955	99501.16024324889	27.440650939941406	-1.167119819236937	4
18804	2032063	99500.81343313358	27.434307098388672	-1.1373132872325575	4
18805	2032171	99502.5461245293	27.431135177612305	-1.284358017771139	4
18806	2032279	99502.5461245293	27.431135177612305	-1.284358017771139	4
18811	2032819	99499.74264702723	27.41686248779297	-1.0465684314870738	4
18812	2032927	99500.86358365012	27.408933639526367	-1.1419498644791415	4
18814	2033143	99500.17617899564	27.408933639526367	-1.0836613147448348	4
18815	2033251	99502.14330563984	27.406078338623047	-1.249915294040409	4
18816	2033359	99502.14330563984	27.406078338623047	-1.249915294040409	4
18818	2033575	99503.42194375963	27.401321411132812	-1.3585419590748482	4
18819	2033683	99503.42194375963	27.401321411132812	-1.3585419590748482	4
18823	2034115	99501.60514854561	27.392122268676758	-1.2042122733000205	4
18824	2034223	99501.51004718615	27.389266967773438	-1.1962639014079546	4
18825	2034331	99501.51004718615	27.389266967773438	-1.1962639014079546	4
18827	2034547	99498.55626010623	27.387046813964844	-0.945887082659318	4
18828	2034655	99498.55626010623	27.387046813964844	-0.945887082659318	4
18829	2034763	99499.3992796721	27.385778427124023	-1.0174239305650534	4
18830	2034871	99500.00884046711	27.38641357421875	-1.069089126360201	4
18831	2034979	99500.00884046711	27.38641357421875	-1.069089126360201	4
18832	2035087	99502.22769517245	27.387365341186523	-1.2572012643211328	4
18833	2035195	99503.19608160896	27.387046813964844	-1.339333667808924	4
18834	2035303	99503.19608160896	27.387046813964844	-1.339333667808924	4
18835	2035411	99499.38414405103	27.386730194091797	-1.0160991785862628	4
18836	2035519	99498.74324196635	27.38609504699707	-0.961784202415743	4
18837	2035627	99498.74324196635	27.38609504699707	-0.961784202415743	4
18838	2035735	99501.78997650892	27.386730194091797	-1.2201089989036928	4
18839	2035843	99501.1642036463	27.38514518737793	-1.167119819236937	4
18840	2035951	99501.1642036463	27.38514518737793	-1.167119819236937	4
18842	2036167	99499.61760143544	27.38514518737793	-1.0359704405798253	4
18843	2036275	99499.61760143544	27.38514518737793	-1.0359704405798253	4
18845	2036491	99500.22608688017	27.38355827331543	-1.0876355443997632	4
18855	2037571	99501.95749086184	27.37816619873047	-1.23468097607214	4
18859	2038003	99500.33308941756	27.378801345825195	-1.0969087410515166	4
18860	2038111	99502.5810862896	27.375629425048828	-1.2870074533379072	4
18861	2038219	99502.5810862896	27.375629425048828	-1.2870074533379072	4
18863	2038435	99502.1736248282	27.373090744018555	-1.2525647383676586	4
18866	2038759	99503.35809837154	27.367698669433594	-1.3532431236427334	4
18867	2038867	99504.56208297264	27.369918823242188	-1.4552452323471998	4
18869	2039083	99506.38741975199	27.365161895751953	-1.6102335379714283	4
18870	2039191	99503.32233678483	27.35881805419922	-1.349931350130682	4
18871	2039299	99503.32233678483	27.35881805419922	-1.349931350130682	4
18873	2039515	99503.33745441731	27.357866287231445	-1.3512560596654333	4
18874	2039623	99503.33745441731	27.357866287231445	-1.3512560596654333	4
18875	2039731	99504.12948907817	27.34898567199707	-1.418816022456888	4
18876	2039839	99506.2402158266	27.352474212646484	-1.5976491034372264	4
18878	2040055	99504.31643599442	27.348033905029297	-1.4347124206154271	4
18879	2040163	99502.70611781575	27.345497131347656	-1.2976051888820495	4
18880	2040271	99502.70611781575	27.345497131347656	-1.2976051888820495	4
18881	2040379	99503.9856324624	27.342641830444336	-1.406231356705041	4
18882	2040487	99502.41002409578	27.346765518188477	-1.272435549363773	4
18883	2040595	99502.41002409578	27.346765518188477	-1.272435549363773	4
18884	2040703	99504.51511292209	27.33946990966797	-1.4512711429190306	4
18885	2040811	99501.82623809911	27.335664749145508	-1.2234208136884384	4
18886	2040919	99501.82623809911	27.335664749145508	-1.2234208136884384	4
18887	2041027	99505.09103483398	27.335664749145508	-1.5002848066756624	4
18888	2041135	99502.2918956107	27.329954147338867	-1.2625001486052345	4
18889	2041243	99502.2918956107	27.329954147338867	-1.2625001486052345	4
18890	2041351	99502.6030780745	27.327733993530273	-1.288994529579881	4
18891	2041459	99503.96260816621	27.328685760498047	-1.4042443028269025	4
18892	2041567	99503.96260816621	27.328685760498047	-1.4042443028269025	4
18894	2041783	99504.08342559004	27.320756912231445	-1.4148419191202244	4
18895	2041891	99504.08342559004	27.320756912231445	-1.4148419191202244	4
18897	2042107	99501.51770077391	27.313461303710938	-1.1969262659595081	4
18898	2042215	99501.51770077391	27.313461303710938	-1.1969262659595081	4
18899	2042323	99501.51655740064	27.311241149902344	-1.1969262659595081	4
18900	2042431	99503.51576323553	27.310922622680664	-1.366490207168518	4
18901	2042539	99503.51576323553	27.310922622680664	-1.366490207168518	4
18904	2042863	99504.32381574759	27.302993774414062	-1.4347124206154271	4
18905	2042971	99506.8535499453	27.301725387573242	-1.6493114220245708	4
18906	2043079	99503.93140950734	27.29950523376465	-1.4015948970654568	4
18907	2043187	99503.93140950734	27.29950523376465	-1.4015948970654568	4
18908	2043295	99505.61593813647	27.29506492614746	-1.544661843900621	4
18909	2043403	99505.27229720828	27.29506492614746	-1.5155187362888456	4
18910	2043511	99505.27229720828	27.29506492614746	-1.5155187362888456	4
18911	2043619	99507.70676882663	27.29094123840332	-1.7215057714501403	4
18913	2043835	99504.62910658598	27.289989471435547	-1.4612063636644446	4
18914	2043943	99505.92352185048	27.286182403564453	-1.5704931665821897	4
18916	2044159	99504.3771592567	27.286182403564453	-1.4393488655098419	4
18918	2044375	99507.54289548572	27.27698516845703	-1.707596807246663	4
18919	2044483	99507.54289548572	27.27698516845703	-1.707596807246663	4
18920	2044591	99501.46665940339	27.276668548583984	-1.19295207799069	4
18921	2044699	99506.30645264185	27.272544860839844	-1.6029478145689402	4
18922	2044807	99506.30645264185	27.272544860839844	-1.6029478145689402	4
18925	2045131	99503.45862504818	27.26334571838379	-1.3618537298504796	4
18926	2045239	99503.45862504818	27.26334571838379	-1.3618537298504796	4
18927	2045347	99505.64214912245	27.25763702392578	-1.5466488709953108	4
18928	2045455	99502.7189789351	27.25351333618164	-1.2989299050708292	4
18929	2045563	99502.7189789351	27.25351333618164	-1.2989299050708292	4
18930	2045671	99504.53351930919	27.258272171020508	-1.452595839559141	4
18932	2045887	107695.95419259078	27.255733489990234	-1.4035819514554437	4
18933	2045995	99505.06040198471	27.2509765625	-1.4976354253451318	4
18935	2046211	99502.88958689322	27.251293182373047	-1.3135017719950182	4
18936	2046319	99504.02834410203	27.248756408691406	-1.4102054633195027	4
18937	2046427	99503.16809879924	27.246536254882812	-1.3373466011739499	4
18938	2046535	99503.16809879924	27.246536254882812	-1.3373466011739499	4
18939	2046643	99508.25962059105	27.246217727661133	-1.7685311795382574	4
18940	2046751	99501.69598377275	27.23955726623535	-1.2121606391384954	4
18942	2046967	99503.47673206194	27.2398738861084	-1.3631784378693723	4
18944	2047183	99502.99145016166	27.237972259521484	-1.3221124110496474	4
18945	2047291	99504.44365004147	27.237337112426758	-1.445310005922238	4
18946	2047399	99504.3947962072	27.233848571777344	-1.441335912694579	4
18948	2047615	99503.31634176694	27.232580184936523	-1.3492689952944037	4
18949	2047723	99501.17451124656	27.22877311706543	-1.1677821856488624	4
18950	2047831	99501.17451124656	27.22877311706543	-1.1677821856488624	4
18951	2047939	99505.54732756244	27.228137969970703	-1.5387007603329206	4
18952	2048047	99503.95347105055	27.226869583129883	-1.4035819514554437	4
18955	2048371	99501.57592705655	27.22052574157715	-1.202225180895451	4
18956	2048479	99501.57592705655	27.22052574157715	-1.202225180895451	4
18961	2049019	99505.1197950265	27.217988967895508	-1.5022718422355363	4
18962	2049127	99505.1197950265	27.217988967895508	-1.5022718422355363	4
18963	2049235	99504.54046052822	27.215452194213867	-1.4532581878201367	4
18964	2049343	99502.67955245308	27.211328506469727	-1.2956181142937395	4
18965	2049451	99502.67955245308	27.211328506469727	-1.2956181142937395	4
18968	2049775	99502.11651952127	27.210060119628906	-1.2479282103471045	4
18969	2049883	99502.3974174103	27.209741592407227	-1.271773189605876	4
18970	2049991	99500.05372305922	27.207839965820312	-1.0730633615765583	4
18971	2050099	99500.05372305922	27.207839965820312	-1.0730633615765583	4
18972	2050207	99504.86527664354	27.210060119628906	-1.4810767767378463	4
18973	2050315	99503.04953029072	27.203081130981445	-1.3267489060559834	4
18974	2050423	99503.04953029072	27.203081130981445	-1.3267489060559834	4
18975	2050531	99503.84456006391	27.200544357299805	-1.3943090277566617	4
18976	2050639	99502.625699412	27.199275970458984	-1.2909816054379686	4
18978	2050855	99504.65462784369	27.19705581665039	-1.4631934066756491	4
18980	2051071	99502.03381115603	27.202129364013672	-1.2406422335796874	4
18981	2051179	99502.03381115603	27.202129364013672	-1.2406422335796874	4
18982	2051287	99503.85835716994	27.197372436523438	-1.395633731651238	4
18983	2051395	99503.68656328373	27.197372436523438	-1.3810619795976287	4
18984	2051503	99503.68656328373	27.197372436523438	-1.3810619795976287	4
18985	2051611	99502.73354746096	27.19673728942871	-1.3002546210922739	4
18986	2051719	99502.32726267862	27.196420669555664	-1.2658119499047449	4
18987	2051827	99502.32726267862	27.196420669555664	-1.2658119499047449	4
18988	2051935	99500.23190508434	27.191980361938477	-1.0882979158711126	4
18989	2052043	99503.4169574979	27.190393447875977	-1.3578796047897912	4
18991	2052259	99503.83954397716	27.191980361938477	-1.3936466757552357	4
18992	2052367	99504.65337080642	27.194835662841797	-1.4631934066756491	4
18993	2052475	99504.65337080642	27.194835662841797	-1.4631934066756491	4
18994	2052583	99504.68220067241	27.190711975097656	-1.4651804493128107	4
18995	2052691	99505.6828679108	27.19261360168457	-1.5499605819732754	4
18998	2053015	99502.02757395334	27.19134521484375	-1.2406422335796874	4
19001	2053339	99502.88527884203	27.189125061035156	-1.312839414845579	4
19004	2053663	99500.58804107145	27.186588287353516	-1.1181045880924079	4
19005	2053771	99500.58804107145	27.186588287353516	-1.1181045880924079	4
19006	2053879	99500.04256910902	27.188491821289062	-1.071738616665212	4
19008	2054095	99502.35485693648	27.19007682800293	-1.2677990301922892	4
19010	2054311	99501.80687903045	27.187856674194336	-1.2214337249455531	4
19012	2054527	99502.02255005119	27.182781219482422	-1.2399798718039268	4
19013	2054635	99502.47774070266	27.186588287353516	-1.2783967852752576	4
19015	2054851	99504.18060704492	27.18754005432129	-1.4227901242678498	4
19016	2054959	99500.86892561757	27.18627166748047	-1.1419498644791415	4
19018	2055175	99502.20938404211	27.18182945251465	-1.2558765428366914	4
19019	2055283	99503.68027729045	27.186588287353516	-1.3803996267496843	4
19023	2055715	99504.97559695093	27.185001373291016	-1.490349623196745	4
19024	2055823	99503.27399671078	27.18627166748047	-1.345957220522418	4
19026	2056039	99504.33735494777	27.188491821289062	-1.4360371193718335	4
19027	2056147	99503.50848632748	27.186588287353516	-1.3658278533953094	4
19037	2057227	99502.86645578903	27.183732986450195	-1.311514700428582	4
19038	2057335	99501.91345819792	27.1830997467041	-1.230706802503978	4
19042	2057767	99503.5222669028	27.18341636657715	-1.3671525609023538	4
19044	2057983	99504.83388818729	27.1830997467041	-1.4784273905152268	4
19045	2058091	99504.83388818729	27.1830997467041	-1.4784273905152268	4
19046	2058199	99503.68027729045	27.186588287353516	-1.3803996267496843	4
19047	2058307	99504.58435752228	27.183732986450195	-1.45723227650022	4
19051	2058739	99501.42817906548	27.181196212768555	-1.189640253530042	4
19052	2058847	99501.77049660547	27.17897605895996	-1.2187842727043408	4
19053	2058955	99502.53791959217	27.182781219482422	-1.2836956587711712	4
19056	2059279	99505.69156575335	27.180879592895508	-1.5512852660731014	4
19057	2059387	99505.69156575335	27.180879592895508	-1.5512852660731014	4
19058	2059495	99501.59870779098	27.17897605895996	-1.2042122733000205	4
19059	2059603	99503.50342572645	27.178024291992188	-1.3651654995827278	4
19062	2059927	99501.27017419676	27.178024291992188	-1.1763929451355004	4
19064	2060143	99500.98677091495	27.174217224121094	-1.1518853801968487	4
19065	2060251	99500.44005975431	27.173900604248047	-1.10551955911526	4
19067	2060467	99502.72222298525	27.17738914489746	-1.2989299050708292	4
19068	2060575	99500.45383881847	27.17072868347168	-1.1068442997251116	4
19070	2060791	99502.86012323388	27.172948837280273	-1.3108523431610242	4
19072	2061007	99501.25007322442	27.170412063598633	-1.174405847425426	4
19073	2061115	99501.46951756587	27.171680450439453	-1.19295207799069	4
19074	2061223	99504.47018414039	27.175487518310547	-1.4472970519651596	4
19075	2061331	99504.47018414039	27.175487518310547	-1.4472970519651596	4
19076	2061439	99503.71905942964	27.172948837280273	-1.3837113905759901	4
19077	2061547	99503.01305002921	27.167556762695312	-1.3240994805883766	4
19078	2061655	99503.01305002921	27.167556762695312	-1.3240994805883766	4
19079	2061763	99501.57733666984	27.169143676757812	-1.202225180895451	4
19080	2061871	99503.42059810412	27.170095443725586	-1.3585419590748482	4
19081	2061979	99503.42059810412	27.170095443725586	-1.3585419590748482	4
19082	2062087	99503.71394758469	27.164384841918945	-1.3830490378953808	4
19083	2062195	99502.20050870773	27.16660499572754	-1.255214182025568	4
19084	2062303	99502.20050870773	27.16660499572754	-1.255214182025568	4
19085	2062411	99503.5722307043	27.1624813079834	-1.37112668242932	4
19086	2062519	99504.77729197574	27.16660499572754	-1.473128616052124	4
19089	2062843	99503.81055735644	27.169143676757812	-1.3916596194753472	4
19090	2062951	99503.81055735644	27.169143676757812	-1.3916596194753472	4
19091	2063059	99503.23377410893	27.171045303344727	-1.3426454446873626	4
19092	2063167	99502.9817002042	27.167240142822266	-1.3214500544514296	4
19093	2063275	99503.29264280919	27.165019989013672	-1.3472819305591743	4
19094	2063383	99503.29264280919	27.165019989013672	-1.3472819305591743	4
19096	2063599	99504.40108734132	27.164384841918945	-1.441335912694579	4
19101	2064139	99502.48010352752	27.1640682220459	-1.2783967852752576	4
19103	2064355	99503.51081257424	27.1640682220459	-1.3658278533953094	4
19107	2064787	99503.21234574502	27.161212921142578	-1.3406583786921988	4
19112	2065327	99502.34957732669	27.154869079589844	-1.2677990301922892	4
19115	2065651	99501.9106775416	27.152015686035156	-1.230706802503978	4
19116	2065759	99502.42602209949	27.152015686035156	-1.2744226283815396	4
19117	2065867	99501.22355156636	27.152015686035156	-1.1724187493314653	4
19121	2066299	99504.31172679095	27.145671844482422	-1.4340500711830861	4
19123	2066515	99504.85971859518	27.147891998291016	-1.48041443023879	4
19128	2067055	99503.0929442777	27.1444034576416	-1.330723042987616	4
19131	2067379	99504.07333691884	27.13869285583496	-1.4135172176766142	4
19132	2067487	99506.24506033369	27.140596389770508	-1.5976491034372264	4
19142	2068567	99501.40851118561	27.12220001220703	-1.1876531583398364	4
19143	2068675	99502.83038284657	27.12346839904785	-1.3082029136478468	4
19144	2068783	99504.31232297435	27.12093162536621	-1.4340500711830861	4
19154	2069863	99503.3064187835	27.110464096069336	-1.3486066404285957	4
19155	2069971	99503.3064187835	27.110464096069336	-1.3486066404285957	4
19157	2070187	99501.91326669013	27.105072021484375	-1.230706802503978	4
19158	2070295	99501.91326669013	27.105072021484375	-1.230706802503978	4
19159	2070403	99502.34952869522	27.103487014770508	-1.2677990301922892	4
19161	2070619	99499.83438310423	27.10158348083496	-1.0545169175902225	4
19163	2070835	99500.39472224069	27.09872817993164	-1.1022077068474667	4
19164	2070943	99500.39472224069	27.09872817993164	-1.1022077068474667	4
19166	2071159	99502.0620227124	27.093019485473633	-1.243291680269314	4
19173	2071915	99503.49481178413	27.086992263793945	-1.36450314572093	4
19177	2072347	99501.25784732972	27.08064842224121	-1.175068213364876	4
19178	2072455	99502.11530641449	27.078428268432617	-1.2479282103471045	4
19186	2073319	99501.65866622994	27.072402954101562	-1.2088488207806547	4
19187	2073427	99501.48554984856	27.07018280029297	-1.1942768074875265	4
19188	2073535	99501.48554984856	27.07018280029297	-1.1942768074875265	4
19189	2073643	99502.98367273042	27.06891441345215	-1.3214500544514296	4
19190	2073751	99499.71754444549	27.064472198486328	-1.0445813090114142	4
