Номер пакета	Время	Широта	Долгота	Высота	fix GPS
3863	418.73199462890625	0.0	0.0	0.0	0
3866	419.0559997558594	0.0	0.0	0.0	0
3869	419.3800048828125	0.0	0.0	0.0	0
3870	419.4880065917969	0.0	0.0	0.0	0
3871	419.59600830078125	0.0	0.0	0.0	0
3872	419.7040100097656	0.0	0.0	0.0	0
3875	420.02801513671875	0.0	0.0	0.0	0
3876	420.135986328125	0.0	0.0	0.0	0
3879	420.4599914550781	0.0	0.0	0.0	0
3880	420.5679931640625	0.0	0.0	0.0	0
3882	420.78399658203125	0.0	0.0	0.0	0
3883	420.8919982910156	0.0	0.0	0.0	0
3885	421.1080017089844	0.0	0.0	0.0	0
3886	421.21600341796875	0.0	0.0	0.0	0
3887	421.3240051269531	0.0	0.0	0.0	0
3889	421.5400085449219	0.0	0.0	0.0	0
3890	421.64801025390625	0.0	0.0	0.0	0
3892	421.864013671875	0.0	0.0	0.0	0
3893	421.97198486328125	0.0	0.0	0.0	0
3896	422.2959899902344	0.0	0.0	0.0	0
3898	422.5119934082031	0.0	0.0	0.0	0
3907	423.4840087890625	0.0	0.0	0.0	0
3910	423.8080139160156	0.0	0.0	0.0	0
3913	424.1319885253906	0.0	0.0	0.0	0
3916	424.45599365234375	0.0	0.0	0.0	0
3919	424.7799987792969	0.0	0.0	0.0	0
3923	425.2120056152344	0.0	0.0	0.0	0
3924	425.32000732421875	0.0	0.0	0.0	0
3934	426.3999938964844	0.0	0.0	0.0	0
3938	426.8320007324219	0.0	0.0	0.0	0
3939	426.94000244140625	0.0	0.0	0.0	0
3942	427.2640075683594	0.0	0.0	0.0	0
3947	427.8039855957031	0.0	0.0	0.0	0
3949	428.0199890136719	0.0	0.0	0.0	0
3951	428.2359924316406	0.0	0.0	0.0	0
3952	428.343994140625	0.0	0.0	0.0	0
3953	428.4519958496094	0.0	0.0	0.0	0
3954	428.55999755859375	0.0	0.0	0.0	0
3957	428.8840026855469	0.0	0.0	0.0	0
3958	428.99200439453125	0.0	0.0	0.0	0
3959	429.1000061035156	0.0	0.0	0.0	0
3960	429.2080078125	0.0	0.0	0.0	0
3961	429.3160095214844	0.0	0.0	0.0	0
3963	429.5320129394531	0.0	0.0	0.0	0
3964	429.6400146484375	0.0	0.0	0.0	0
3965	429.74798583984375	0.0	0.0	0.0	0
3966	429.8559875488281	0.0	0.0	0.0	0
3967	429.9639892578125	0.0	0.0	0.0	0
3969	430.17999267578125	0.0	0.0	0.0	0
3970	430.2879943847656	0.0	0.0	0.0	0
3971	430.39599609375	0.0	0.0	0.0	0
3972	430.5039978027344	0.0	0.0	0.0	0
3973	430.61199951171875	0.0	0.0	0.0	0
3975	430.8280029296875	0.0	0.0	0.0	0
3976	430.9360046386719	0.0	0.0	0.0	0
3977	431.04400634765625	0.0	0.0	0.0	0
3978	431.1520080566406	0.0	0.0	0.0	0
3979	431.260009765625	0.0	0.0	0.0	0
3980	431.3680114746094	0.0	0.0	0.0	0
3981	431.47601318359375	0.0	0.0	0.0	0
3982	431.5840148925781	0.0	0.0	0.0	0
3986	432.0159912109375	0.0	0.0	0.0	0
3987	432.1239929199219	0.0	0.0	0.0	0
3988	432.23199462890625	0.0	0.0	0.0	0
3989	432.3399963378906	0.0	0.0	0.0	0
3991	432.5559997558594	0.0	0.0	0.0	0
3992	432.66400146484375	0.0	0.0	0.0	0
3994	432.8800048828125	0.0	0.0	0.0	0
3995	432.9880065917969	0.0	0.0	0.0	0
3998	433.31201171875	0.0	0.0	0.0	0
4001	433.635986328125	0.0	0.0	0.0	0
4004	433.9599914550781	0.0	0.0	0.0	0
4005	434.0679931640625	0.0	0.0	0.0	0
4007	434.28399658203125	0.0	0.0	0.0	0
4010	434.6080017089844	0.0	0.0	0.0	0
4013	434.9320068359375	0.0	0.0	0.0	0
4016	435.2560119628906	0.0	0.0	0.0	0
4019	435.5799865722656	0.0	0.0	0.0	0
4022	435.90399169921875	0.0	0.0	0.0	0
4025	436.2279968261719	0.0	0.0	0.0	0
4029	436.6600036621094	0.0	0.0	0.0	0
4030	436.76800537109375	0.0	0.0	0.0	0
4032	436.9840087890625	0.0	0.0	0.0	0
4034	437.20001220703125	0.0	0.0	0.0	0
4038	437.6319885253906	0.0	0.0	0.0	0
4040	437.8479919433594	0.0	0.0	0.0	0
4042	438.0639953613281	0.0	0.0	0.0	0
4043	438.1719970703125	0.0	0.0	0.0	0
4044	438.2799987792969	0.0	0.0	0.0	0
4045	438.38800048828125	0.0	0.0	0.0	0
4046	438.4960021972656	0.0	0.0	0.0	0
4047	438.60400390625	0.0	0.0	0.0	0
4048	438.7120056152344	0.0	0.0	0.0	0
4049	438.82000732421875	0.0	0.0	0.0	0
4050	438.9280090332031	0.0	0.0	0.0	0
4051	439.0360107421875	0.0	0.0	0.0	0
4052	439.1440124511719	0.0	0.0	0.0	0
4053	439.25201416015625	0.0	0.0	0.0	0
4054	439.3599853515625	0.0	0.0	0.0	0
4055	439.4679870605469	0.0	0.0	0.0	0
4056	439.57598876953125	0.0	0.0	0.0	0
4057	439.6839904785156	0.0	0.0	0.0	0
4058	439.7919921875	0.0	0.0	0.0	0
4059	439.8999938964844	0.0	0.0	0.0	0
4060	440.00799560546875	0.0	0.0	0.0	0
4061	440.1159973144531	0.0	0.0	0.0	0
4062	440.2239990234375	0.0	0.0	0.0	0
4063	440.3320007324219	0.0	0.0	0.0	0
4064	440.44000244140625	0.0	0.0	0.0	0
4065	440.5480041503906	0.0	0.0	0.0	0
4066	440.656005859375	0.0	0.0	0.0	0
4067	440.7640075683594	0.0	0.0	0.0	0
4068	440.87200927734375	0.0	0.0	0.0	0
4069	440.9800109863281	0.0	0.0	0.0	0
4070	441.0880126953125	0.0	0.0	0.0	0
4071	441.1960144042969	0.0	0.0	0.0	0
4072	441.3039855957031	0.0	0.0	0.0	0
4073	441.4119873046875	0.0	0.0	0.0	0
4075	441.62799072265625	0.0	0.0	0.0	0
4076	441.7359924316406	0.0	0.0	0.0	0
4078	441.9519958496094	0.0	0.0	0.0	0
4079	442.05999755859375	0.0	0.0	0.0	0
4081	442.2760009765625	0.0	0.0	0.0	0
4082	442.3840026855469	0.0	0.0	0.0	0
4083	442.49200439453125	0.0	0.0	0.0	0
4084	442.6000061035156	0.0	0.0	0.0	0
4085	442.7080078125	0.0	0.0	0.0	0
4086	442.8160095214844	0.0	0.0	0.0	0
4087	442.92401123046875	0.0	0.0	0.0	0
4088	443.0320129394531	0.0	0.0	0.0	0
4090	443.24798583984375	0.0	0.0	0.0	0
4091	443.3559875488281	0.0	0.0	0.0	0
4092	443.4639892578125	0.0	0.0	0.0	0
4093	443.5719909667969	0.0	0.0	0.0	0
4094	443.67999267578125	0.0	0.0	0.0	0
4095	443.7879943847656	0.0	0.0	0.0	0
4096	443.89599609375	0.0	0.0	0.0	0
4097	444.0039978027344	0.0	0.0	0.0	0
4098	444.11199951171875	0.0	0.0	0.0	0
4099	444.2200012207031	0.0	0.0	0.0	0
4100	444.3280029296875	0.0	0.0	0.0	0
4101	444.4360046386719	0.0	0.0	0.0	0
4102	444.54400634765625	0.0	0.0	0.0	0
4103	444.6520080566406	0.0	0.0	0.0	0
4104	444.760009765625	0.0	0.0	0.0	0
4105	444.8680114746094	0.0	0.0	0.0	0
4106	444.97601318359375	0.0	0.0	0.0	0
4107	445.0840148925781	0.0	0.0	0.0	0
4108	445.1919860839844	0.0	0.0	0.0	0
4109	445.29998779296875	0.0	0.0	0.0	0
4110	445.4079895019531	0.0	0.0	0.0	0
4111	445.5159912109375	0.0	0.0	0.0	0
4112	445.6239929199219	0.0	0.0	0.0	0
4113	445.73199462890625	0.0	0.0	0.0	0
4114	445.8399963378906	0.0	0.0	0.0	0
4115	445.947998046875	0.0	0.0	0.0	0
4116	446.0559997558594	0.0	0.0	0.0	0
4117	446.16400146484375	0.0	0.0	0.0	0
4118	446.2720031738281	0.0	0.0	0.0	0
4119	446.3800048828125	0.0	0.0	0.0	0
4120	446.4880065917969	0.0	0.0	0.0	0
4121	446.59600830078125	0.0	0.0	0.0	0
4122	446.7040100097656	0.0	0.0	0.0	0
4123	446.81201171875	0.0	0.0	0.0	0
4124	446.9200134277344	0.0	0.0	0.0	0
4125	447.02801513671875	0.0	0.0	0.0	0
4126	447.135986328125	0.0	0.0	0.0	0
4127	447.2439880371094	0.0	0.0	0.0	0
4128	447.35198974609375	0.0	0.0	0.0	0
4129	447.4599914550781	0.0	0.0	0.0	0
4130	447.5679931640625	0.0	0.0	0.0	0
4131	447.6759948730469	0.0	0.0	0.0	0
4132	447.78399658203125	0.0	0.0	0.0	0
4133	447.8919982910156	0.0	0.0	0.0	0
4134	448.0	0.0	0.0	0.0	0
4135	448.1080017089844	0.0	0.0	0.0	0
4136	448.21600341796875	0.0	0.0	0.0	0
4137	448.3240051269531	0.0	0.0	0.0	0
4138	448.4320068359375	0.0	0.0	0.0	0
4139	448.5400085449219	0.0	0.0	0.0	0
4140	448.64801025390625	0.0	0.0	0.0	0
4142	448.864013671875	0.0	0.0	0.0	0
4143	448.97198486328125	0.0	0.0	0.0	0
4144	449.0799865722656	0.0	0.0	0.0	0
4145	449.18798828125	0.0	0.0	0.0	0
4146	449.2959899902344	0.0	0.0	0.0	0
4147	449.40399169921875	0.0	0.0	0.0	0
4148	449.5119934082031	0.0	0.0	0.0	0
4149	449.6199951171875	0.0	0.0	0.0	0
4151	449.83599853515625	0.0	0.0	0.0	0
4152	449.9440002441406	0.0	0.0	0.0	0
4153	450.052001953125	0.0	0.0	0.0	0
4154	450.1600036621094	0.0	0.0	0.0	0
4155	450.26800537109375	0.0	0.0	0.0	0
4156	450.3760070800781	0.0	0.0	0.0	0
4157	450.4840087890625	0.0	0.0	0.0	0
4158	450.5920104980469	0.0	0.0	0.0	0
4159	450.70001220703125	0.0	0.0	0.0	0
4160	450.8080139160156	0.0	0.0	0.0	0
4161	450.9159851074219	0.0	0.0	0.0	0
4162	451.02398681640625	0.0	0.0	0.0	0
4163	451.1319885253906	0.0	0.0	0.0	0
4164	451.239990234375	0.0	0.0	0.0	0
4166	451.45599365234375	0.0	0.0	0.0	0
4167	451.5639953613281	0.0	0.0	0.0	0
4168	451.6719970703125	0.0	0.0	0.0	0
4169	451.7799987792969	0.0	0.0	0.0	0
4170	451.88800048828125	0.0	0.0	0.0	0
4171	451.9960021972656	0.0	0.0	0.0	0
4172	452.10400390625	0.0	0.0	0.0	0
4173	452.2120056152344	0.0	0.0	0.0	0
4174	452.32000732421875	0.0	0.0	0.0	0
4175	452.4280090332031	0.0	0.0	0.0	0
4176	452.5360107421875	0.0	0.0	0.0	0
4177	452.6440124511719	0.0	0.0	0.0	0
4178	452.75201416015625	0.0	0.0	0.0	0
4179	452.8599853515625	0.0	0.0	0.0	0
4180	452.9679870605469	0.0	0.0	0.0	0
4181	453.07598876953125	0.0	0.0	0.0	0
4182	453.1839904785156	0.0	0.0	0.0	0
4183	453.2919921875	0.0	0.0	0.0	0
4184	453.3999938964844	0.0	0.0	0.0	0
4185	453.50799560546875	0.0	0.0	0.0	0
4186	453.6159973144531	0.0	0.0	0.0	0
4187	453.7239990234375	0.0	0.0	0.0	0
4188	453.8320007324219	0.0	0.0	0.0	0
4189	453.94000244140625	0.0	0.0	0.0	0
4190	454.0480041503906	0.0	0.0	0.0	0
4191	454.156005859375	0.0	0.0	0.0	0
4192	454.2640075683594	0.0	0.0	0.0	0
4193	454.37200927734375	0.0	0.0	0.0	0
4194	454.4800109863281	0.0	0.0	0.0	0
4195	454.5880126953125	0.0	0.0	0.0	0
4196	454.6960144042969	0.0	0.0	0.0	0
4197	454.8039855957031	0.0	0.0	0.0	0
4198	454.9119873046875	0.0	0.0	0.0	0
4199	455.0199890136719	0.0	0.0	0.0	0
4200	455.12799072265625	0.0	0.0	0.0	0
4201	455.2359924316406	0.0	0.0	0.0	0
4202	455.343994140625	0.0	0.0	0.0	0
4203	455.4519958496094	0.0	0.0	0.0	0
4204	455.55999755859375	0.0	0.0	0.0	0
4205	455.6679992675781	0.0	0.0	0.0	0
4206	455.7760009765625	0.0	0.0	0.0	0
4207	455.8840026855469	0.0	0.0	0.0	0
4208	455.99200439453125	0.0	0.0	0.0	0
4209	456.1000061035156	0.0	0.0	0.0	0
4210	456.2080078125	0.0	0.0	0.0	0
4211	456.3160095214844	0.0	0.0	0.0	0
4212	456.42401123046875	0.0	0.0	0.0	0
4213	456.5320129394531	0.0	0.0	0.0	0
4214	456.6400146484375	0.0	0.0	0.0	0
4215	456.74798583984375	0.0	0.0	0.0	0
4216	456.8559875488281	0.0	0.0	0.0	0
4217	456.9639892578125	0.0	0.0	0.0	0
4218	457.0719909667969	0.0	0.0	0.0	0
4219	457.17999267578125	0.0	0.0	0.0	0
4220	457.2879943847656	0.0	0.0	0.0	0
4221	457.39599609375	0.0	0.0	0.0	0
4222	457.5039978027344	0.0	0.0	0.0	0
4223	457.61199951171875	0.0	0.0	0.0	0
4224	457.7200012207031	0.0	0.0	0.0	0
4225	457.8280029296875	0.0	0.0	0.0	0
4226	457.9360046386719	0.0	0.0	0.0	0
4227	458.04400634765625	0.0	0.0	0.0	0
4228	458.1520080566406	0.0	0.0	0.0	0
4229	458.260009765625	0.0	0.0	0.0	0
4230	458.3680114746094	0.0	0.0	0.0	0
4231	458.47601318359375	0.0	0.0	0.0	0
4232	458.5840148925781	0.0	0.0	0.0	0
4233	458.6919860839844	0.0	0.0	0.0	0
4234	458.79998779296875	0.0	0.0	0.0	0
4235	458.9079895019531	0.0	0.0	0.0	0
4236	459.0159912109375	0.0	0.0	0.0	0
4237	459.1239929199219	0.0	0.0	0.0	0
4238	459.23199462890625	0.0	0.0	0.0	0
4239	459.3399963378906	0.0	0.0	0.0	0
4240	459.447998046875	0.0	0.0	0.0	0
4241	459.5559997558594	0.0	0.0	0.0	0
4242	459.66400146484375	0.0	0.0	0.0	0
4243	459.7720031738281	0.0	0.0	0.0	0
4244	459.8800048828125	0.0	0.0	0.0	0
4245	459.9880065917969	0.0	0.0	0.0	0
4246	460.09600830078125	0.0	0.0	0.0	0
4247	460.2040100097656	0.0	0.0	0.0	0
4248	460.31201171875	0.0	0.0	0.0	0
4249	460.4200134277344	0.0	0.0	0.0	0
4250	460.52801513671875	0.0	0.0	0.0	0
4251	460.635986328125	0.0	0.0	0.0	0
4252	460.7439880371094	0.0	0.0	0.0	0
4253	460.85198974609375	0.0	0.0	0.0	0
4254	460.9599914550781	0.0	0.0	0.0	0
4255	461.0679931640625	0.0	0.0	0.0	0
4256	461.1759948730469	0.0	0.0	0.0	0
4257	461.28399658203125	0.0	0.0	0.0	0
4258	461.3919982910156	0.0	0.0	0.0	0
4259	461.5	0.0	0.0	0.0	0
4260	461.6080017089844	0.0	0.0	0.0	0
4261	461.71600341796875	0.0	0.0	0.0	0
4262	461.8240051269531	0.0	0.0	0.0	0
4263	461.9320068359375	0.0	0.0	0.0	0
4264	462.0400085449219	0.0	0.0	0.0	0
4265	462.14801025390625	0.0	0.0	0.0	0
4266	462.2560119628906	0.0	0.0	0.0	0
4267	462.364013671875	0.0	0.0	0.0	0
4268	462.47198486328125	0.0	0.0	0.0	0
4269	462.5799865722656	0.0	0.0	0.0	0
4270	462.68798828125	0.0	0.0	0.0	0
4271	462.7959899902344	0.0	0.0	0.0	0
4272	462.90399169921875	0.0	0.0	0.0	0
4273	463.0119934082031	0.0	0.0	0.0	0
4274	463.1199951171875	0.0	0.0	0.0	0
4275	463.2279968261719	0.0	0.0	0.0	0
4276	463.33599853515625	0.0	0.0	0.0	0
4277	463.4440002441406	0.0	0.0	0.0	0
4278	463.552001953125	0.0	0.0	0.0	0
4279	463.6600036621094	0.0	0.0	0.0	0
4280	463.76800537109375	0.0	0.0	0.0	0
4281	463.8760070800781	0.0	0.0	0.0	0
4282	463.9840087890625	0.0	0.0	0.0	0
4283	464.0920104980469	0.0	0.0	0.0	0
4284	464.20001220703125	0.0	0.0	0.0	0
4285	464.3080139160156	0.0	0.0	0.0	0
4286	464.4159851074219	0.0	0.0	0.0	0
4287	464.52398681640625	0.0	0.0	0.0	0
4288	464.6319885253906	0.0	0.0	0.0	0
4289	464.739990234375	0.0	0.0	0.0	0
4290	464.8479919433594	0.0	0.0	0.0	0
4291	464.95599365234375	0.0	0.0	0.0	0
4292	465.0639953613281	0.0	0.0	0.0	0
4293	465.1719970703125	0.0	0.0	0.0	0
4294	465.2799987792969	0.0	0.0	0.0	0
4295	465.38800048828125	0.0	0.0	0.0	0
4296	465.4960021972656	0.0	0.0	0.0	0
4297	465.60400390625	0.0	0.0	0.0	0
4298	465.7120056152344	0.0	0.0	0.0	0
4299	465.82000732421875	0.0	0.0	0.0	0
4300	465.9280090332031	0.0	0.0	0.0	0
4301	466.0360107421875	0.0	0.0	0.0	0
4302	466.1440124511719	0.0	0.0	0.0	0
4303	466.25201416015625	0.0	0.0	0.0	0
4305	466.4679870605469	0.0	0.0	0.0	0
4306	466.57598876953125	0.0	0.0	0.0	0
4307	466.6839904785156	0.0	0.0	0.0	0
4308	466.7919921875	0.0	0.0	0.0	0
4309	466.8999938964844	0.0	0.0	0.0	0
4310	467.00799560546875	0.0	0.0	0.0	0
4311	467.1159973144531	0.0	0.0	0.0	0
4312	467.2239990234375	0.0	0.0	0.0	0
4313	467.3320007324219	0.0	0.0	0.0	0
4314	467.44000244140625	0.0	0.0	0.0	0
4315	467.5480041503906	0.0	0.0	0.0	0
4316	467.656005859375	0.0	0.0	0.0	0
4317	467.7640075683594	0.0	0.0	0.0	0
4318	467.87200927734375	0.0	0.0	0.0	0
4319	467.9800109863281	0.0	0.0	0.0	0
4320	468.0880126953125	0.0	0.0	0.0	0
4321	468.1960144042969	0.0	0.0	0.0	0
4322	468.3039855957031	0.0	0.0	0.0	0
4323	468.4119873046875	0.0	0.0	0.0	0
4324	468.5199890136719	0.0	0.0	0.0	0
4325	468.62799072265625	0.0	0.0	0.0	0
4326	468.7359924316406	0.0	0.0	0.0	0
4327	468.843994140625	0.0	0.0	0.0	0
4328	468.9519958496094	0.0	0.0	0.0	0
4329	469.05999755859375	0.0	0.0	0.0	0
4330	469.1679992675781	0.0	0.0	0.0	0
4331	469.2760009765625	0.0	0.0	0.0	0
4332	469.3840026855469	0.0	0.0	0.0	0
4333	469.49200439453125	0.0	0.0	0.0	0
4334	469.6000061035156	0.0	0.0	0.0	0
4335	469.7080078125	0.0	0.0	0.0	0
4336	469.8160095214844	0.0	0.0	0.0	0
4337	469.92401123046875	0.0	0.0	0.0	0
4338	470.0320129394531	0.0	0.0	0.0	0
4339	470.1400146484375	0.0	0.0	0.0	0
4340	470.24798583984375	0.0	0.0	0.0	0
4341	470.3559875488281	0.0	0.0	0.0	0
4342	470.4639892578125	0.0	0.0	0.0	0
4343	470.5719909667969	0.0	0.0	0.0	0
4344	470.67999267578125	0.0	0.0	0.0	0
4345	470.7879943847656	0.0	0.0	0.0	0
4346	470.89599609375	0.0	0.0	0.0	0
4347	471.0039978027344	0.0	0.0	0.0	0
4348	471.11199951171875	0.0	0.0	0.0	0
4349	471.2200012207031	0.0	0.0	0.0	0
4350	471.3280029296875	0.0	0.0	0.0	0
4351	471.4360046386719	0.0	0.0	0.0	0
4352	471.54400634765625	0.0	0.0	0.0	0
4353	471.6520080566406	0.0	0.0	0.0	0
4354	471.760009765625	0.0	0.0	0.0	0
4355	471.8680114746094	0.0	0.0	0.0	0
4357	472.0840148925781	0.0	0.0	0.0	0
4358	472.1919860839844	0.0	0.0	0.0	0
4359	472.29998779296875	0.0	0.0	0.0	0
4360	472.4079895019531	0.0	0.0	0.0	0
4361	472.5159912109375	0.0	0.0	0.0	0
4362	472.6239929199219	0.0	0.0	0.0	0
4363	472.73199462890625	0.0	0.0	0.0	0
4364	472.8399963378906	0.0	0.0	0.0	0
4365	472.947998046875	0.0	0.0	0.0	0
4366	473.0559997558594	0.0	0.0	0.0	0
4367	473.16400146484375	0.0	0.0	0.0	0
4368	473.2720031738281	0.0	0.0	0.0	0
4369	473.3800048828125	0.0	0.0	0.0	0
4370	473.4880065917969	0.0	0.0	0.0	0
4371	473.59600830078125	0.0	0.0	0.0	0
4372	473.7040100097656	0.0	0.0	0.0	0
4373	473.81201171875	0.0	0.0	0.0	0
4374	473.9200134277344	0.0	0.0	0.0	0
4375	474.02801513671875	0.0	0.0	0.0	0
4376	474.135986328125	0.0	0.0	0.0	0
4377	474.2439880371094	0.0	0.0	0.0	0
4378	474.35198974609375	0.0	0.0	0.0	0
4379	474.4599914550781	0.0	0.0	0.0	0
4380	474.5679931640625	0.0	0.0	0.0	0
4381	474.6759948730469	0.0	0.0	0.0	0
4382	474.78399658203125	0.0	0.0	0.0	0
4383	474.8919982910156	0.0	0.0	0.0	0
4384	475.0	0.0	0.0	0.0	0
4385	475.1080017089844	0.0	0.0	0.0	0
4386	475.21600341796875	0.0	0.0	0.0	0
4387	475.3240051269531	0.0	0.0	0.0	0
4388	475.4320068359375	0.0	0.0	0.0	0
4389	475.5400085449219	0.0	0.0	0.0	0
4390	475.64801025390625	0.0	0.0	0.0	0
4391	475.7560119628906	0.0	0.0	0.0	0
4392	475.864013671875	0.0	0.0	0.0	0
4393	475.97198486328125	0.0	0.0	0.0	0
4394	476.0799865722656	0.0	0.0	0.0	0
4395	476.18798828125	0.0	0.0	0.0	0
4396	476.2959899902344	0.0	0.0	0.0	0
4397	476.40399169921875	0.0	0.0	0.0	0
4398	476.5119934082031	0.0	0.0	0.0	0
4399	476.6199951171875	0.0	0.0	0.0	0
4400	476.7279968261719	0.0	0.0	0.0	0
4401	476.83599853515625	0.0	0.0	0.0	0
4402	476.9440002441406	0.0	0.0	0.0	0
4403	477.052001953125	0.0	0.0	0.0	0
4404	477.1600036621094	0.0	0.0	0.0	0
4405	477.26800537109375	0.0	0.0	0.0	0
4406	477.3760070800781	0.0	0.0	0.0	0
4407	477.4840087890625	0.0	0.0	0.0	0
4408	477.5920104980469	0.0	0.0	0.0	0
4409	477.70001220703125	0.0	0.0	0.0	0
4410	477.8080139160156	0.0	0.0	0.0	0
4411	477.9159851074219	0.0	0.0	0.0	0
4412	478.02398681640625	0.0	0.0	0.0	0
4413	478.1319885253906	0.0	0.0	0.0	0
4414	478.239990234375	0.0	0.0	0.0	0
4415	478.3479919433594	0.0	0.0	0.0	0
4416	478.45599365234375	0.0	0.0	0.0	0
4417	478.5639953613281	0.0	0.0	0.0	0
4418	478.6719970703125	0.0	0.0	0.0	0
4419	478.7799987792969	0.0	0.0	0.0	0
4420	478.88800048828125	0.0	0.0	0.0	0
4421	478.9960021972656	0.0	0.0	0.0	0
4422	479.10400390625	0.0	0.0	0.0	0
4423	479.2120056152344	0.0	0.0	0.0	0
4424	479.32000732421875	0.0	0.0	0.0	0
4425	479.4280090332031	0.0	0.0	0.0	0
4426	479.5360107421875	0.0	0.0	0.0	0
4427	479.6440124511719	0.0	0.0	0.0	0
4428	479.75201416015625	0.0	0.0	0.0	0
4429	479.8599853515625	0.0	0.0	0.0	0
4430	479.9679870605469	0.0	0.0	0.0	0
4431	480.07598876953125	0.0	0.0	0.0	0
4432	480.1839904785156	0.0	0.0	0.0	0
4433	480.2919921875	0.0	0.0	0.0	0
4434	480.3999938964844	0.0	0.0	0.0	0
4435	480.50799560546875	0.0	0.0	0.0	0
4436	480.6159973144531	0.0	0.0	0.0	0
4437	480.7239990234375	0.0	0.0	0.0	0
4438	480.8320007324219	0.0	0.0	0.0	0
4439	480.94000244140625	0.0	0.0	0.0	0
4440	481.0480041503906	0.0	0.0	0.0	0
4441	481.156005859375	0.0	0.0	0.0	0
4442	481.2640075683594	0.0	0.0	0.0	0
4443	481.37200927734375	0.0	0.0	0.0	0
4444	481.4800109863281	0.0	0.0	0.0	0
4445	481.5880126953125	0.0	0.0	0.0	0
4446	481.6960144042969	0.0	0.0	0.0	0
4447	481.8039855957031	0.0	0.0	0.0	0
4448	481.9119873046875	0.0	0.0	0.0	0
4449	482.0199890136719	0.0	0.0	0.0	0
4450	482.12799072265625	0.0	0.0	0.0	0
4451	482.2359924316406	0.0	0.0	0.0	0
4452	482.343994140625	0.0	0.0	0.0	0
4453	482.4519958496094	0.0	0.0	0.0	0
4454	482.55999755859375	0.0	0.0	0.0	0
4455	482.6679992675781	0.0	0.0	0.0	0
4456	482.7760009765625	0.0	0.0	0.0	0
4457	482.8840026855469	0.0	0.0	0.0	0
4458	482.99200439453125	0.0	0.0	0.0	0
4459	483.1000061035156	0.0	0.0	0.0	0
4460	483.2080078125	0.0	0.0	0.0	0
4461	483.3160095214844	0.0	0.0	0.0	0
4462	483.42401123046875	0.0	0.0	0.0	0
4463	483.5320129394531	0.0	0.0	0.0	0
4464	483.6400146484375	0.0	0.0	0.0	0
4465	483.74798583984375	0.0	0.0	0.0	0
4466	483.8559875488281	0.0	0.0	0.0	0
4467	483.9639892578125	0.0	0.0	0.0	0
4468	484.0719909667969	0.0	0.0	0.0	0
4469	484.17999267578125	0.0	0.0	0.0	0
4470	484.2879943847656	0.0	0.0	0.0	0
4471	484.39599609375	0.0	0.0	0.0	0
4472	484.5039978027344	0.0	0.0	0.0	0
4473	484.61199951171875	0.0	0.0	0.0	0
4474	484.7200012207031	0.0	0.0	0.0	0
4475	484.8280029296875	0.0	0.0	0.0	0
4476	484.9360046386719	0.0	0.0	0.0	0
4477	485.04400634765625	0.0	0.0	0.0	0
4479	485.260009765625	0.0	0.0	0.0	0
4481	485.47601318359375	0.0	0.0	0.0	0
4483	485.6919860839844	0.0	0.0	0.0	0
4484	485.79998779296875	0.0	0.0	0.0	0
4485	485.9079895019531	0.0	0.0	0.0	0
4486	486.0159912109375	0.0	0.0	0.0	0
4487	486.1239929199219	0.0	0.0	0.0	0
4488	486.23199462890625	0.0	0.0	0.0	0
4489	486.3399963378906	0.0	0.0	0.0	0
4490	486.447998046875	0.0	0.0	0.0	0
4491	486.5559997558594	0.0	0.0	0.0	0
4492	486.66400146484375	0.0	0.0	0.0	0
4493	486.7720031738281	0.0	0.0	0.0	0
4494	486.8800048828125	0.0	0.0	0.0	0
4495	486.9880065917969	0.0	0.0	0.0	0
4496	487.09600830078125	0.0	0.0	0.0	0
4497	487.2040100097656	0.0	0.0	0.0	0
4498	487.31201171875	0.0	0.0	0.0	0
4499	487.4200134277344	0.0	0.0	0.0	0
4500	487.52801513671875	0.0	0.0	0.0	0
4501	487.635986328125	0.0	0.0	0.0	0
4502	487.7439880371094	0.0	0.0	0.0	0
4503	487.85198974609375	0.0	0.0	0.0	0
4504	487.9599914550781	0.0	0.0	0.0	0
4505	488.0679931640625	0.0	0.0	0.0	0
4506	488.1759948730469	0.0	0.0	0.0	0
4507	488.28399658203125	0.0	0.0	0.0	0
4508	488.3919982910156	0.0	0.0	0.0	0
4509	488.5	0.0	0.0	0.0	0
4510	488.6080017089844	0.0	0.0	0.0	0
4511	488.71600341796875	0.0	0.0	0.0	0
4512	488.8240051269531	0.0	0.0	0.0	0
4513	488.9320068359375	0.0	0.0	0.0	0
4514	489.0400085449219	0.0	0.0	0.0	0
4515	489.14801025390625	0.0	0.0	0.0	0
4516	489.2560119628906	0.0	0.0	0.0	0
4517	489.364013671875	0.0	0.0	0.0	0
4518	489.47198486328125	0.0	0.0	0.0	0
4519	489.5799865722656	0.0	0.0	0.0	0
4520	489.68798828125	0.0	0.0	0.0	0
4521	489.7959899902344	0.0	0.0	0.0	0
4522	489.90399169921875	0.0	0.0	0.0	0
4523	490.0119934082031	0.0	0.0	0.0	0
4524	490.1199951171875	0.0	0.0	0.0	0
4525	490.2279968261719	0.0	0.0	0.0	0
4526	490.33599853515625	0.0	0.0	0.0	0
4527	490.4440002441406	0.0	0.0	0.0	0
4528	490.552001953125	0.0	0.0	0.0	0
4529	490.6600036621094	0.0	0.0	0.0	0
4530	490.76800537109375	0.0	0.0	0.0	0
4531	490.8760070800781	0.0	0.0	0.0	0
4532	490.9840087890625	0.0	0.0	0.0	0
4533	491.0920104980469	0.0	0.0	0.0	0
4534	491.20001220703125	0.0	0.0	0.0	0
4535	491.3080139160156	0.0	0.0	0.0	0
4536	491.4159851074219	0.0	0.0	0.0	0
4537	491.52398681640625	0.0	0.0	0.0	0
4538	491.6319885253906	0.0	0.0	0.0	0
4539	491.739990234375	0.0	0.0	0.0	0
4540	491.8479919433594	0.0	0.0	0.0	0
4541	491.95599365234375	0.0	0.0	0.0	0
4542	492.0639953613281	0.0	0.0	0.0	0
4543	492.1719970703125	0.0	0.0	0.0	0
4545	492.38800048828125	0.0	0.0	0.0	0
4546	492.4960021972656	0.0	0.0	0.0	0
4547	492.60400390625	0.0	0.0	0.0	0
4548	492.7120056152344	0.0	0.0	0.0	0
4549	492.82000732421875	0.0	0.0	0.0	0
4550	492.9280090332031	0.0	0.0	0.0	0
4551	493.0360107421875	0.0	0.0	0.0	0
4552	493.1440124511719	0.0	0.0	0.0	0
4553	493.25201416015625	0.0	0.0	0.0	0
4554	493.3599853515625	0.0	0.0	0.0	0
4555	493.4679870605469	0.0	0.0	0.0	0
4556	493.57598876953125	0.0	0.0	0.0	0
4557	493.6839904785156	0.0	0.0	0.0	0
4558	493.7919921875	0.0	0.0	0.0	0
4559	493.8999938964844	0.0	0.0	0.0	0
4560	494.00799560546875	0.0	0.0	0.0	0
4561	494.1159973144531	0.0	0.0	0.0	0
4562	494.2239990234375	0.0	0.0	0.0	0
4563	494.3320007324219	0.0	0.0	0.0	0
4564	494.44000244140625	0.0	0.0	0.0	0
4565	494.5480041503906	0.0	0.0	0.0	0
4566	494.656005859375	0.0	0.0	0.0	0
4567	494.7640075683594	0.0	0.0	0.0	0
4568	494.87200927734375	0.0	0.0	0.0	0
4569	494.9800109863281	0.0	0.0	0.0	0
4570	495.0880126953125	0.0	0.0	0.0	0
4571	495.1960144042969	0.0	0.0	0.0	0
4572	495.3039855957031	0.0	0.0	0.0	0
4573	495.4119873046875	0.0	0.0	0.0	0
4574	495.5199890136719	0.0	0.0	0.0	0
4575	495.62799072265625	0.0	0.0	0.0	0
4576	495.7359924316406	0.0	0.0	0.0	0
4577	495.843994140625	0.0	0.0	0.0	0
4578	495.9519958496094	0.0	0.0	0.0	0
4579	496.05999755859375	0.0	0.0	0.0	0
4580	496.1679992675781	0.0	0.0	0.0	0
4581	496.2760009765625	0.0	0.0	0.0	0
4582	496.3840026855469	0.0	0.0	0.0	0
4583	496.49200439453125	0.0	0.0	0.0	0
4584	496.6000061035156	0.0	0.0	0.0	0
4585	496.7080078125	0.0	0.0	0.0	0
4586	496.8160095214844	0.0	0.0	0.0	0
4587	496.92401123046875	0.0	0.0	0.0	0
4588	497.0320129394531	0.0	0.0	0.0	0
4589	497.1400146484375	0.0	0.0	0.0	0
4590	497.24798583984375	0.0	0.0	0.0	0
4591	497.3559875488281	0.0	0.0	0.0	0
4592	497.4639892578125	0.0	0.0	0.0	0
4593	497.5719909667969	0.0	0.0	0.0	0
4594	497.67999267578125	0.0	0.0	0.0	0
4595	497.7879943847656	0.0	0.0	0.0	0
4596	497.89599609375	0.0	0.0	0.0	0
4597	498.0039978027344	0.0	0.0	0.0	0
4598	498.11199951171875	0.0	0.0	0.0	0
4599	498.2200012207031	0.0	0.0	0.0	0
4600	498.3280029296875	0.0	0.0	0.0	0
4601	498.4360046386719	0.0	0.0	0.0	0
4602	498.54400634765625	0.0	0.0	0.0	0
4603	498.6520080566406	0.0	0.0	0.0	0
4604	498.760009765625	0.0	0.0	0.0	0
4605	498.8680114746094	0.0	0.0	0.0	0
4606	498.97601318359375	0.0	0.0	0.0	0
4607	499.0840148925781	0.0	0.0	0.0	0
4608	499.1919860839844	0.0	0.0	0.0	0
4609	499.29998779296875	0.0	0.0	0.0	0
4610	499.4079895019531	0.0	0.0	0.0	0
4611	499.5159912109375	0.0	0.0	0.0	0
4612	499.6239929199219	0.0	0.0	0.0	0
4613	499.73199462890625	0.0	0.0	0.0	0
4614	499.8399963378906	0.0	0.0	0.0	0
4615	499.947998046875	0.0	0.0	0.0	0
4616	500.0559997558594	0.0	0.0	0.0	0
4617	500.16400146484375	0.0	0.0	0.0	0
4618	500.2720031738281	0.0	0.0	0.0	0
4619	500.3800048828125	0.0	0.0	0.0	0
4620	500.4880065917969	0.0	0.0	0.0	0
4621	500.59600830078125	0.0	0.0	0.0	0
4622	500.7040100097656	0.0	0.0	0.0	0
4623	500.81201171875	0.0	0.0	0.0	0
4624	500.9200134277344	0.0	0.0	0.0	0
4626	501.135986328125	0.0	0.0	0.0	0
4627	501.2439880371094	0.0	0.0	0.0	0
4628	501.35198974609375	0.0	0.0	0.0	0
4629	501.4599914550781	0.0	0.0	0.0	0
4630	501.5679931640625	0.0	0.0	0.0	0
4631	501.6759948730469	0.0	0.0	0.0	0
4632	501.78399658203125	0.0	0.0	0.0	0
4633	501.8919982910156	0.0	0.0	0.0	0
4634	502.0	0.0	0.0	0.0	0
4635	502.1080017089844	0.0	0.0	0.0	0
4636	502.21600341796875	0.0	0.0	0.0	0
4637	502.3240051269531	0.0	0.0	0.0	0
4638	502.4320068359375	0.0	0.0	0.0	0
4639	502.5400085449219	0.0	0.0	0.0	0
4640	502.64801025390625	0.0	0.0	0.0	0
4641	502.7560119628906	0.0	0.0	0.0	0
4643	502.97198486328125	0.0	0.0	0.0	0
4644	503.0799865722656	0.0	0.0	0.0	0
4645	503.18798828125	0.0	0.0	0.0	0
4646	503.2959899902344	0.0	0.0	0.0	0
4647	503.40399169921875	0.0	0.0	0.0	0
4648	503.5119934082031	0.0	0.0	0.0	0
4649	503.6199951171875	0.0	0.0	0.0	0
4650	503.7279968261719	0.0	0.0	0.0	0
4652	503.9440002441406	0.0	0.0	0.0	0
4653	504.052001953125	0.0	0.0	0.0	0
4654	504.1600036621094	0.0	0.0	0.0	0
4655	504.26800537109375	0.0	0.0	0.0	0
4656	504.3760070800781	0.0	0.0	0.0	0
4658	504.5920104980469	0.0	0.0	0.0	0
4659	504.70001220703125	0.0	0.0	0.0	0
4660	504.8080139160156	0.0	0.0	0.0	0
4661	504.9159851074219	0.0	0.0	0.0	0
4662	505.02398681640625	0.0	0.0	0.0	0
4663	505.1319885253906	0.0	0.0	0.0	0
4664	505.239990234375	0.0	0.0	0.0	0
4665	505.3479919433594	0.0	0.0	0.0	0
4666	505.45599365234375	0.0	0.0	0.0	0
4667	505.5639953613281	0.0	0.0	0.0	0
4668	505.6719970703125	0.0	0.0	0.0	0
4669	505.7799987792969	0.0	0.0	0.0	0
4670	505.88800048828125	0.0	0.0	0.0	0
4671	505.9960021972656	0.0	0.0	0.0	0
4672	506.10400390625	0.0	0.0	0.0	0
4673	506.2120056152344	0.0	0.0	0.0	0
4674	506.32000732421875	0.0	0.0	0.0	0
4675	506.4280090332031	0.0	0.0	0.0	0
4676	506.5360107421875	0.0	0.0	0.0	0
4677	506.6440124511719	0.0	0.0	0.0	0
4678	506.75201416015625	0.0	0.0	0.0	0
4679	506.8599853515625	0.0	0.0	0.0	0
4680	506.9679870605469	0.0	0.0	0.0	0
4681	507.07598876953125	0.0	0.0	0.0	0
4682	507.1839904785156	0.0	0.0	0.0	0
4683	507.2919921875	0.0	0.0	0.0	0
4684	507.3999938964844	0.0	0.0	0.0	0
4685	507.50799560546875	0.0	0.0	0.0	0
4686	507.6159973144531	0.0	0.0	0.0	0
4687	507.7239990234375	0.0	0.0	0.0	0
4688	507.8320007324219	0.0	0.0	0.0	0
4689	507.94000244140625	0.0	0.0	0.0	0
4690	508.0480041503906	0.0	0.0	0.0	0
4691	508.156005859375	0.0	0.0	0.0	0
4692	508.2640075683594	0.0	0.0	0.0	0
4693	508.37200927734375	0.0	0.0	0.0	0
4694	508.4800109863281	0.0	0.0	0.0	0
4695	508.5880126953125	0.0	0.0	0.0	0
4696	508.6960144042969	0.0	0.0	0.0	0
4697	508.8039855957031	0.0	0.0	0.0	0
4698	508.9119873046875	0.0	0.0	0.0	0
4699	509.0199890136719	0.0	0.0	0.0	0
4700	509.12799072265625	0.0	0.0	0.0	0
4701	509.2359924316406	0.0	0.0	0.0	0
4702	509.343994140625	0.0	0.0	0.0	0
4703	509.4519958496094	0.0	0.0	0.0	0
4704	509.55999755859375	0.0	0.0	0.0	0
4705	509.6679992675781	0.0	0.0	0.0	0
4706	509.7760009765625	0.0	0.0	0.0	0
4707	509.8840026855469	0.0	0.0	0.0	0
4708	509.99200439453125	0.0	0.0	0.0	0
4709	510.1000061035156	0.0	0.0	0.0	0
4710	510.2080078125	0.0	0.0	0.0	0
4711	510.3160095214844	0.0	0.0	0.0	0
4712	510.42401123046875	0.0	0.0	0.0	0
4713	510.5320129394531	0.0	0.0	0.0	0
4714	510.6400146484375	0.0	0.0	0.0	0
4715	510.74798583984375	0.0	0.0	0.0	0
4716	510.8559875488281	0.0	0.0	0.0	0
4718	511.0719909667969	0.0	0.0	0.0	0
4719	511.17999267578125	0.0	0.0	0.0	0
4720	511.2879943847656	0.0	0.0	0.0	0
4721	511.39599609375	0.0	0.0	0.0	0
4722	511.5039978027344	0.0	0.0	0.0	0
4723	511.61199951171875	0.0	0.0	0.0	0
4724	511.7200012207031	0.0	0.0	0.0	0
4725	511.8280029296875	0.0	0.0	0.0	0
4726	511.9360046386719	0.0	0.0	0.0	0
4727	512.0440063476562	0.0	0.0	0.0	0
4728	512.1519775390625	0.0	0.0	0.0	0
4729	512.260009765625	0.0	0.0	0.0	0
4730	512.3679809570312	0.0	0.0	0.0	0
4731	512.4760131835938	0.0	0.0	0.0	0
4732	512.583984375	0.0	0.0	0.0	0
4733	512.6920166015625	0.0	0.0	0.0	0
4734	512.7999877929688	0.0	0.0	0.0	0
4735	512.9080200195312	0.0	0.0	0.0	0
4736	513.0159912109375	0.0	0.0	0.0	0
4737	513.1240234375	0.0	0.0	0.0	0
4738	513.2319946289062	0.0	0.0	0.0	0
4739	513.3400268554688	0.0	0.0	0.0	0
4740	513.447998046875	0.0	0.0	0.0	0
4741	513.5560302734375	0.0	0.0	0.0	0
4742	513.6640014648438	0.0	0.0	0.0	0
4743	513.77197265625	0.0	0.0	0.0	0
4744	513.8800048828125	0.0	0.0	0.0	0
4745	513.9879760742188	0.0	0.0	0.0	0
4746	514.0960083007812	0.0	0.0	0.0	0
4747	514.2039794921875	0.0	0.0	0.0	0
4748	514.31201171875	0.0	0.0	0.0	0
4749	514.4199829101562	0.0	0.0	0.0	0
4750	514.5280151367188	0.0	0.0	0.0	0
4751	514.635986328125	0.0	0.0	0.0	0
4752	514.7440185546875	0.0	0.0	0.0	0
4753	514.8519897460938	0.0	0.0	0.0	0
4754	514.9600219726562	0.0	0.0	0.0	0
4755	515.0679931640625	0.0	0.0	0.0	0
4756	515.176025390625	0.0	0.0	0.0	0
4757	515.2839965820312	0.0	0.0	0.0	0
4758	515.3920288085938	0.0	0.0	0.0	0
4759	515.5	0.0	0.0	0.0	0
4760	515.6079711914062	0.0	0.0	0.0	0
4761	515.7160034179688	0.0	0.0	0.0	0
4762	515.823974609375	0.0	0.0	0.0	0
4763	515.9320068359375	0.0	0.0	0.0	0
4764	516.0399780273438	0.0	0.0	0.0	0
4765	516.1480102539062	0.0	0.0	0.0	0
4766	516.2559814453125	0.0	0.0	0.0	0
4767	516.364013671875	0.0	0.0	0.0	0
4768	516.4719848632812	0.0	0.0	0.0	0
4769	516.5800170898438	0.0	0.0	0.0	0
4770	516.68798828125	0.0	0.0	0.0	0
4771	516.7960205078125	0.0	0.0	0.0	0
4772	516.9039916992188	0.0	0.0	0.0	0
4773	517.0120239257812	0.0	0.0	0.0	0
4774	517.1199951171875	0.0	0.0	0.0	0
4775	517.22802734375	0.0	0.0	0.0	0
4776	517.3359985351562	0.0	0.0	0.0	0
4777	517.4439697265625	0.0	0.0	0.0	0
4778	517.552001953125	0.0	0.0	0.0	0
4779	517.6599731445312	0.0	0.0	0.0	0
4780	517.7680053710938	0.0	0.0	0.0	0
4781	517.8759765625	0.0	0.0	0.0	0
4782	517.9840087890625	0.0	0.0	0.0	0
4783	518.0919799804688	0.0	0.0	0.0	0
4784	518.2000122070312	0.0	0.0	0.0	0
4785	518.3079833984375	0.0	0.0	0.0	0
4786	518.416015625	0.0	0.0	0.0	0
4787	518.5239868164062	0.0	0.0	0.0	0
4788	518.6320190429688	0.0	0.0	0.0	0
4789	518.739990234375	0.0	0.0	0.0	0
4790	518.8480224609375	0.0	0.0	0.0	0
4791	518.9559936523438	0.0	0.0	0.0	0
4792	519.0640258789062	0.0	0.0	0.0	0
4793	519.1719970703125	0.0	0.0	0.0	0
4794	519.280029296875	0.0	0.0	0.0	0
4795	519.3880004882812	0.0	0.0	0.0	0
4796	519.4959716796875	0.0	0.0	0.0	0
4797	519.60400390625	0.0	0.0	0.0	0
4798	519.7119750976562	0.0	0.0	0.0	0
4799	519.8200073242188	0.0	0.0	0.0	0
4800	519.927978515625	0.0	0.0	0.0	0
4801	520.0360107421875	0.0	0.0	0.0	0
4802	520.1439819335938	0.0	0.0	0.0	0
4803	520.2520141601562	0.0	0.0	0.0	0
4805	520.468017578125	0.0	0.0	0.0	0
4806	520.5759887695312	0.0	0.0	0.0	0
4808	520.7919921875	0.0	0.0	0.0	0
4810	521.0079956054688	0.0	0.0	0.0	0
4811	521.1160278320312	0.0	0.0	0.0	0
4812	521.2239990234375	0.0	0.0	0.0	0
4813	521.3319702148438	0.0	0.0	0.0	0
4814	521.4400024414062	0.0	0.0	0.0	0
4815	521.5479736328125	0.0	0.0	0.0	0
4816	521.656005859375	0.0	0.0	0.0	0
4817	521.7639770507812	0.0	0.0	0.0	0
4818	521.8720092773438	0.0	0.0	0.0	0
4819	521.97998046875	0.0	0.0	0.0	0
4820	522.0880126953125	0.0	0.0	0.0	0
4821	522.1959838867188	0.0	0.0	0.0	0
4822	522.3040161132812	0.0	0.0	0.0	0
4823	522.4119873046875	0.0	0.0	0.0	0
4824	522.52001953125	0.0	0.0	0.0	0
4825	522.6279907226562	0.0	0.0	0.0	0
4826	522.7360229492188	0.0	0.0	0.0	0
4827	522.843994140625	0.0	0.0	0.0	0
4828	522.9520263671875	0.0	0.0	0.0	0
4829	523.0599975585938	0.0	0.0	0.0	0
4830	523.1680297851562	0.0	0.0	0.0	0
4831	523.2760009765625	0.0	0.0	0.0	0
4832	523.3839721679688	0.0	0.0	0.0	0
4833	523.4920043945312	0.0	0.0	0.0	0
4834	523.5999755859375	0.0	0.0	0.0	0
4835	523.7080078125	0.0	0.0	0.0	0
4836	523.8159790039062	0.0	0.0	0.0	0
4837	523.9240112304688	0.0	0.0	0.0	0
4838	524.031982421875	0.0	0.0	0.0	0
4839	524.1400146484375	0.0	0.0	0.0	0
4840	524.2479858398438	0.0	0.0	0.0	0
4842	524.4639892578125	0.0	0.0	0.0	0
4843	524.572021484375	0.0	0.0	0.0	0
4844	524.6799926757812	0.0	0.0	0.0	0
4845	524.7880249023438	0.0	0.0	0.0	0
4846	524.89599609375	0.0	0.0	0.0	0
4847	525.0040283203125	0.0	0.0	0.0	0
4848	525.1119995117188	0.0	0.0	0.0	0
4849	525.219970703125	0.0	0.0	0.0	0
4850	525.3280029296875	0.0	0.0	0.0	0
4851	525.4359741210938	0.0	0.0	0.0	0
4852	525.5440063476562	0.0	0.0	0.0	0
4853	525.6519775390625	0.0	0.0	0.0	0
4854	525.760009765625	0.0	0.0	0.0	0
4855	525.8679809570312	0.0	0.0	0.0	0
4856	525.9760131835938	0.0	0.0	0.0	0
4857	526.083984375	0.0	0.0	0.0	0
4858	526.1920166015625	0.0	0.0	0.0	0
4859	526.2999877929688	0.0	0.0	0.0	0
4860	526.4080200195312	0.0	0.0	0.0	0
4861	526.5159912109375	0.0	0.0	0.0	0
4862	526.6240234375	0.0	0.0	0.0	0
4863	526.7319946289062	0.0	0.0	0.0	0
4864	526.8400268554688	0.0	0.0	0.0	0
4865	526.947998046875	0.0	0.0	0.0	0
4866	527.0560302734375	0.0	0.0	0.0	0
4867	527.1640014648438	0.0	0.0	0.0	0
4868	527.27197265625	0.0	0.0	0.0	0
4869	527.3800048828125	0.0	0.0	0.0	0
4870	527.4879760742188	0.0	0.0	0.0	0
4871	527.5960083007812	0.0	0.0	0.0	0
4872	527.7039794921875	0.0	0.0	0.0	0
4873	527.81201171875	0.0	0.0	0.0	0
4874	527.9199829101562	0.0	0.0	0.0	0
4875	528.0280151367188	0.0	0.0	0.0	0
4876	528.135986328125	0.0	0.0	0.0	0
4877	528.2440185546875	0.0	0.0	0.0	0
4878	528.3519897460938	0.0	0.0	0.0	0
4879	528.4600219726562	0.0	0.0	0.0	0
4880	528.5679931640625	0.0	0.0	0.0	0
4881	528.676025390625	0.0	0.0	0.0	0
4882	528.7839965820312	0.0	0.0	0.0	0
4883	528.8920288085938	0.0	0.0	0.0	0
4884	529.0	0.0	0.0	0.0	0
4885	529.1079711914062	0.0	0.0	0.0	0
4886	529.2160034179688	0.0	0.0	0.0	0
4887	529.323974609375	0.0	0.0	0.0	0
4888	529.4320068359375	0.0	0.0	0.0	0
4889	529.5399780273438	0.0	0.0	0.0	0
4890	529.6480102539062	0.0	0.0	0.0	0
4891	529.7559814453125	0.0	0.0	0.0	0
4892	529.864013671875	0.0	0.0	0.0	0
4893	529.9719848632812	0.0	0.0	0.0	0
4894	530.0800170898438	0.0	0.0	0.0	0
4895	530.18798828125	0.0	0.0	0.0	0
4896	530.2960205078125	0.0	0.0	0.0	0
4897	530.4039916992188	0.0	0.0	0.0	0
4898	530.5120239257812	0.0	0.0	0.0	0
4899	530.6199951171875	0.0	0.0	0.0	0
4900	530.72802734375	0.0	0.0	0.0	0
4901	530.8359985351562	0.0	0.0	0.0	0
4902	530.9439697265625	0.0	0.0	0.0	0
4903	531.052001953125	0.0	0.0	0.0	0
4904	531.1599731445312	0.0	0.0	0.0	0
4905	531.2680053710938	0.0	0.0	0.0	0
4906	531.3759765625	0.0	0.0	0.0	0
4907	531.4840087890625	0.0	0.0	0.0	0
4908	531.5919799804688	0.0	0.0	0.0	0
4909	531.7000122070312	0.0	0.0	0.0	0
4911	531.916015625	0.0	0.0	0.0	0
4912	532.0239868164062	0.0	0.0	0.0	0
4913	532.1320190429688	0.0	0.0	0.0	0
4914	532.239990234375	0.0	0.0	0.0	0
4915	532.3480224609375	0.0	0.0	0.0	0
4916	532.4559936523438	0.0	0.0	0.0	0
4917	532.5640258789062	0.0	0.0	0.0	0
4918	532.6719970703125	0.0	0.0	0.0	0
4919	532.780029296875	0.0	0.0	0.0	0
4920	532.8880004882812	0.0	0.0	0.0	0
4921	532.9959716796875	0.0	0.0	0.0	0
4922	533.10400390625	0.0	0.0	0.0	0
4923	533.2119750976562	0.0	0.0	0.0	0
4924	533.3200073242188	0.0	0.0	0.0	0
4925	533.427978515625	0.0	0.0	0.0	0
4926	533.5360107421875	0.0	0.0	0.0	0
4927	533.6439819335938	0.0	0.0	0.0	0
4928	533.7520141601562	0.0	0.0	0.0	0
4929	533.8599853515625	0.0	0.0	0.0	0
4930	533.968017578125	0.0	0.0	0.0	0
4931	534.0759887695312	0.0	0.0	0.0	0
4932	534.1840209960938	0.0	0.0	0.0	0
4933	534.2919921875	0.0	0.0	0.0	0
4934	534.4000244140625	0.0	0.0	0.0	0
4935	534.5079956054688	0.0	0.0	0.0	0
4936	534.6160278320312	0.0	0.0	0.0	0
4937	534.7239990234375	0.0	0.0	0.0	0
4938	534.8319702148438	0.0	0.0	0.0	0
4939	534.9400024414062	0.0	0.0	0.0	0
4940	535.0479736328125	0.0	0.0	0.0	0
4941	535.156005859375	0.0	0.0	0.0	0
4942	535.2639770507812	0.0	0.0	0.0	0
4943	535.3720092773438	0.0	0.0	0.0	0
4944	535.47998046875	0.0	0.0	0.0	0
4945	535.5880126953125	0.0	0.0	0.0	0
4946	535.6959838867188	0.0	0.0	0.0	0
4947	535.8040161132812	0.0	0.0	0.0	0
4948	535.9119873046875	0.0	0.0	0.0	0
4949	536.02001953125	0.0	0.0	0.0	0
4950	536.1279907226562	0.0	0.0	0.0	0
4951	536.2360229492188	0.0	0.0	0.0	0
4952	536.343994140625	0.0	0.0	0.0	0
4953	536.4520263671875	0.0	0.0	0.0	0
4954	536.5599975585938	0.0	0.0	0.0	0
4955	536.6680297851562	0.0	0.0	0.0	0
4956	536.7760009765625	0.0	0.0	0.0	0
4957	536.8839721679688	0.0	0.0	0.0	0
4958	536.9920043945312	0.0	0.0	0.0	0
4959	537.0999755859375	0.0	0.0	0.0	0
4960	537.2080078125	0.0	0.0	0.0	0
4961	537.3159790039062	0.0	0.0	0.0	0
4962	537.4240112304688	0.0	0.0	0.0	0
4963	537.531982421875	0.0	0.0	0.0	0
4964	537.6400146484375	0.0	0.0	0.0	0
4965	537.7479858398438	0.0	0.0	0.0	0
4966	537.8560180664062	0.0	0.0	0.0	0
4967	537.9639892578125	0.0	0.0	0.0	0
4968	538.072021484375	0.0	0.0	0.0	0
4969	538.1799926757812	0.0	0.0	0.0	0
4970	538.2880249023438	0.0	0.0	0.0	0
4971	538.39599609375	0.0	0.0	0.0	0
4972	538.5040283203125	0.0	0.0	0.0	0
4973	538.6119995117188	0.0	0.0	0.0	0
4974	538.719970703125	0.0	0.0	0.0	0
4975	538.8280029296875	0.0	0.0	0.0	0
4976	538.9359741210938	0.0	0.0	0.0	0
4977	539.0440063476562	0.0	0.0	0.0	0
4978	539.1519775390625	0.0	0.0	0.0	0
4979	539.260009765625	0.0	0.0	0.0	0
4980	539.3679809570312	0.0	0.0	0.0	0
4981	539.4760131835938	0.0	0.0	0.0	0
4982	539.583984375	0.0	0.0	0.0	0
4983	539.6920166015625	0.0	0.0	0.0	0
4984	539.7999877929688	0.0	0.0	0.0	0
4985	539.9080200195312	0.0	0.0	0.0	0
4986	540.0159912109375	0.0	0.0	0.0	0
4987	540.1240234375	0.0	0.0	0.0	0
4988	540.2319946289062	0.0	0.0	0.0	0
4989	540.3400268554688	0.0	0.0	0.0	0
4990	540.447998046875	0.0	0.0	0.0	0
4991	540.5560302734375	0.0	0.0	0.0	0
4992	540.6640014648438	0.0	0.0	0.0	0
4993	540.77197265625	0.0	0.0	0.0	0
4994	540.8800048828125	0.0	0.0	0.0	0
4995	540.9879760742188	0.0	0.0	0.0	0
4996	541.0960083007812	0.0	0.0	0.0	0
4997	541.2039794921875	0.0	0.0	0.0	0
4998	541.31201171875	0.0	0.0	0.0	0
4999	541.4199829101562	0.0	0.0	0.0	0
5000	541.5280151367188	0.0	0.0	0.0	0
5001	541.635986328125	0.0	0.0	0.0	0
5002	541.7440185546875	0.0	0.0	0.0	0
5003	541.8519897460938	0.0	0.0	0.0	0
5004	541.9600219726562	0.0	0.0	0.0	0
5005	542.0679931640625	0.0	0.0	0.0	0
5006	542.176025390625	0.0	0.0	0.0	0
5007	542.2839965820312	0.0	0.0	0.0	0
5008	542.3920288085938	0.0	0.0	0.0	0
5009	542.5	0.0	0.0	0.0	0
5010	542.6079711914062	0.0	0.0	0.0	0
5011	542.7160034179688	0.0	0.0	0.0	0
5012	542.823974609375	0.0	0.0	0.0	0
5013	542.9320068359375	0.0	0.0	0.0	0
5014	543.0399780273438	0.0	0.0	0.0	0
5015	543.1480102539062	0.0	0.0	0.0	0
5016	543.2559814453125	0.0	0.0	0.0	0
5017	543.364013671875	0.0	0.0	0.0	0
5018	543.4719848632812	0.0	0.0	0.0	0
5019	543.5800170898438	0.0	0.0	0.0	0
5020	543.68798828125	0.0	0.0	0.0	0
5021	543.7960205078125	0.0	0.0	0.0	0
5022	543.9039916992188	0.0	0.0	0.0	0
5023	544.0120239257812	0.0	0.0	0.0	0
5024	544.1199951171875	0.0	0.0	0.0	0
5025	544.22802734375	0.0	0.0	0.0	0
5026	544.3359985351562	0.0	0.0	0.0	0
5027	544.4439697265625	0.0	0.0	0.0	0
5028	544.552001953125	0.0	0.0	0.0	0
5029	544.6599731445312	0.0	0.0	0.0	0
5030	544.7680053710938	0.0	0.0	0.0	0
5031	544.8759765625	0.0	0.0	0.0	0
5032	544.9840087890625	0.0	0.0	0.0	0
5033	545.0919799804688	0.0	0.0	0.0	0
5034	545.2000122070312	0.0	0.0	0.0	0
5035	545.3079833984375	0.0	0.0	0.0	0
5036	545.416015625	0.0	0.0	0.0	0
5037	545.5239868164062	0.0	0.0	0.0	0
5038	545.6320190429688	0.0	0.0	0.0	0
5039	545.739990234375	0.0	0.0	0.0	0
5040	545.8480224609375	0.0	0.0	0.0	0
5041	545.9559936523438	0.0	0.0	0.0	0
5042	546.0640258789062	0.0	0.0	0.0	0
5043	546.1719970703125	0.0	0.0	0.0	0
5044	546.280029296875	0.0	0.0	0.0	0
5045	546.3880004882812	0.0	0.0	0.0	0
5046	546.4959716796875	0.0	0.0	0.0	0
5047	546.60400390625	0.0	0.0	0.0	0
5048	546.7119750976562	0.0	0.0	0.0	0
5049	546.8200073242188	0.0	0.0	0.0	0
5050	546.927978515625	0.0	0.0	0.0	0
5051	547.0360107421875	0.0	0.0	0.0	0
5052	547.1439819335938	0.0	0.0	0.0	0
5053	547.2520141601562	0.0	0.0	0.0	0
5054	547.3599853515625	0.0	0.0	0.0	0
5055	547.468017578125	0.0	0.0	0.0	0
5056	547.5759887695312	0.0	0.0	0.0	0
5057	547.6840209960938	0.0	0.0	0.0	0
5058	547.7919921875	0.0	0.0	0.0	0
5059	547.9000244140625	0.0	0.0	0.0	0
5060	548.0079956054688	0.0	0.0	0.0	0
5061	548.1160278320312	0.0	0.0	0.0	0
5062	548.2239990234375	0.0	0.0	0.0	0
5063	548.3319702148438	0.0	0.0	0.0	0
5064	548.4400024414062	0.0	0.0	0.0	0
5065	548.5479736328125	0.0	0.0	0.0	0
5066	548.656005859375	0.0	0.0	0.0	0
5067	548.7639770507812	0.0	0.0	0.0	0
5068	548.8720092773438	0.0	0.0	0.0	0
5069	548.97998046875	0.0	0.0	0.0	0
5070	549.0880126953125	0.0	0.0	0.0	0
5071	549.1959838867188	0.0	0.0	0.0	0
5072	549.3040161132812	0.0	0.0	0.0	0
5073	549.4119873046875	0.0	0.0	0.0	0
5074	549.52001953125	0.0	0.0	0.0	0
5075	549.6279907226562	0.0	0.0	0.0	0
5076	549.7360229492188	0.0	0.0	0.0	0
5077	549.843994140625	0.0	0.0	0.0	0
5078	549.9520263671875	0.0	0.0	0.0	0
5079	550.0599975585938	0.0	0.0	0.0	0
5080	550.1680297851562	0.0	0.0	0.0	0
5081	550.2760009765625	0.0	0.0	0.0	0
5082	550.3839721679688	0.0	0.0	0.0	0
5083	550.4920043945312	0.0	0.0	0.0	0
5084	550.5999755859375	0.0	0.0	0.0	0
5085	550.7080078125	0.0	0.0	0.0	0
5086	550.8159790039062	0.0	0.0	0.0	0
5087	550.9240112304688	0.0	0.0	0.0	0
5088	551.031982421875	0.0	0.0	0.0	0
5089	551.1400146484375	0.0	0.0	0.0	0
5090	551.2479858398438	0.0	0.0	0.0	0
5091	551.3560180664062	0.0	0.0	0.0	0
5092	551.4639892578125	0.0	0.0	0.0	0
5093	551.572021484375	0.0	0.0	0.0	0
5094	551.6799926757812	0.0	0.0	0.0	0
5095	551.7880249023438	0.0	0.0	0.0	0
5096	551.89599609375	0.0	0.0	0.0	0
5097	552.0040283203125	0.0	0.0	0.0	0
5098	552.1119995117188	0.0	0.0	0.0	0
5099	552.219970703125	0.0	0.0	0.0	0
5100	552.3280029296875	0.0	0.0	0.0	0
5101	552.4359741210938	0.0	0.0	0.0	0
5102	552.5440063476562	0.0	0.0	0.0	0
5103	552.6519775390625	0.0	0.0	0.0	0
5104	552.760009765625	0.0	0.0	0.0	0
5105	552.8679809570312	0.0	0.0	0.0	0
5106	552.9760131835938	0.0	0.0	0.0	0
5107	553.083984375	0.0	0.0	0.0	0
5108	553.1920166015625	0.0	0.0	0.0	0
5109	553.2999877929688	0.0	0.0	0.0	0
5110	553.4080200195312	0.0	0.0	0.0	0
5111	553.5159912109375	0.0	0.0	0.0	0
5112	553.6240234375	0.0	0.0	0.0	0
5113	553.7319946289062	0.0	0.0	0.0	0
5114	553.8400268554688	0.0	0.0	0.0	0
5115	553.947998046875	0.0	0.0	0.0	0
5116	554.0560302734375	0.0	0.0	0.0	0
5117	554.1640014648438	0.0	0.0	0.0	0
5118	554.27197265625	0.0	0.0	0.0	0
5119	554.3800048828125	0.0	0.0	0.0	0
5120	554.4879760742188	0.0	0.0	0.0	0
5121	554.5960083007812	0.0	0.0	0.0	0
5122	554.7039794921875	0.0	0.0	0.0	0
5123	554.81201171875	0.0	0.0	0.0	0
5124	554.9199829101562	0.0	0.0	0.0	0
5125	555.0280151367188	0.0	0.0	0.0	0
5126	555.135986328125	0.0	0.0	0.0	0
