Номер пакета	Время	Широта	Долгота	Высота	fix GPS
97	11.706999778747559	0.0	0.0	0.0	0
98	11.8149995803833	0.0	0.0	0.0	0
99	11.92300033569336	0.0	0.0	0.0	0
100	12.031000137329102	0.0	0.0	0.0	0
101	12.138999938964844	0.0	0.0	0.0	0
102	12.246999740600586	0.0	0.0	0.0	0
103	12.354999542236328	0.0	0.0	0.0	0
104	12.463000297546387	0.0	0.0	0.0	0
105	12.571000099182129	0.0	0.0	0.0	0
106	12.678999900817871	0.0	0.0	0.0	0
107	12.786999702453613	0.0	0.0	0.0	0
108	12.895000457763672	0.0	0.0	0.0	0
109	13.003000259399414	0.0	0.0	0.0	0
110	13.111000061035156	0.0	0.0	0.0	0
111	13.218999862670898	0.0	0.0	0.0	0
112	13.32699966430664	0.0	0.0	0.0	0
113	13.4350004196167	0.0	0.0	0.0	0
114	13.543000221252441	0.0	0.0	0.0	0
115	13.651000022888184	0.0	0.0	0.0	0
116	13.758999824523926	0.0	0.0	0.0	0
117	13.866999626159668	0.0	0.0	0.0	0
118	13.975000381469727	0.0	0.0	0.0	0
119	14.083000183105469	0.0	0.0	0.0	0
120	14.190999984741211	0.0	0.0	0.0	0
121	14.298999786376953	0.0	0.0	0.0	0
122	14.406999588012695	0.0	0.0	0.0	0
123	14.515000343322754	0.0	0.0	0.0	0
124	14.623000144958496	0.0	0.0	0.0	0
125	14.730999946594238	0.0	0.0	0.0	0
126	14.83899974822998	0.0	0.0	0.0	0
127	14.946999549865723	0.0	0.0	0.0	0
128	15.055000305175781	0.0	0.0	0.0	0
129	15.163000106811523	0.0	0.0	0.0	0
130	15.270999908447266	0.0	0.0	0.0	0
131	15.378999710083008	0.0	0.0	0.0	0
132	15.487000465393066	0.0	0.0	0.0	0
133	15.595000267028809	0.0	0.0	0.0	0
134	15.70300006866455	0.0	0.0	0.0	0
135	15.810999870300293	0.0	0.0	0.0	0
136	15.918999671936035	0.0	0.0	0.0	0
137	16.027000427246094	0.0	0.0	0.0	0
138	16.135000228881836	0.0	0.0	0.0	0
139	16.243000030517578	0.0	0.0	0.0	0
140	16.35099983215332	0.0	0.0	0.0	0
141	16.458999633789062	0.0	0.0	0.0	0
142	16.566999435424805	0.0	0.0	0.0	0
143	16.674999237060547	0.0	0.0	0.0	0
144	16.783000946044922	0.0	0.0	0.0	0
145	16.891000747680664	0.0	0.0	0.0	0
146	16.999000549316406	0.0	0.0	0.0	0
147	17.10700035095215	0.0	0.0	0.0	0
148	17.21500015258789	0.0	0.0	0.0	0
149	17.322999954223633	0.0	0.0	0.0	0
150	17.430999755859375	0.0	0.0	0.0	0
151	17.538999557495117	0.0	0.0	0.0	0
152	17.64699935913086	0.0	0.0	0.0	0
153	17.7549991607666	0.0	0.0	0.0	0
154	17.863000869750977	0.0	0.0	0.0	0
155	17.97100067138672	0.0	0.0	0.0	0
156	18.07900047302246	0.0	0.0	0.0	0
157	18.187000274658203	0.0	0.0	0.0	0
158	18.295000076293945	0.0	0.0	0.0	0
159	18.402999877929688	0.0	0.0	0.0	0
161	18.618999481201172	0.0	0.0	0.0	0
162	18.726999282836914	0.0	0.0	0.0	0
164	18.94300079345703	0.0	0.0	0.0	0
165	19.051000595092773	0.0	0.0	0.0	0
166	19.159000396728516	0.0	0.0	0.0	0
167	19.267000198364258	0.0	0.0	0.0	0
168	19.375	0.0	0.0	0.0	0
169	19.482999801635742	0.0	0.0	0.0	0
170	19.590999603271484	0.0	0.0	0.0	0
171	19.698999404907227	0.0	0.0	0.0	0
172	19.80699920654297	0.0	0.0	0.0	0
173	19.915000915527344	0.0	0.0	0.0	0
174	20.023000717163086	0.0	0.0	0.0	0
175	20.131000518798828	0.0	0.0	0.0	0
176	20.23900032043457	0.0	0.0	0.0	0
177	20.347000122070312	0.0	0.0	0.0	0
178	20.454999923706055	0.0	0.0	0.0	0
179	20.562999725341797	0.0	0.0	0.0	0
180	20.67099952697754	0.0	0.0	0.0	0
181	20.77899932861328	0.0	0.0	0.0	0
182	20.886999130249023	0.0	0.0	0.0	0
183	20.9950008392334	0.0	0.0	0.0	0
184	21.10300064086914	0.0	0.0	0.0	0
185	21.211000442504883	0.0	0.0	0.0	0
186	21.319000244140625	0.0	0.0	0.0	0
187	21.427000045776367	0.0	0.0	0.0	0
188	21.53499984741211	0.0	0.0	0.0	0
189	21.64299964904785	0.0	0.0	0.0	0
190	21.750999450683594	0.0	0.0	0.0	0
191	21.858999252319336	0.0	0.0	0.0	0
192	21.966999053955078	0.0	0.0	0.0	0
193	22.075000762939453	0.0	0.0	0.0	0
194	22.183000564575195	0.0	0.0	0.0	0
195	22.291000366210938	0.0	0.0	0.0	0
196	22.39900016784668	0.0	0.0	0.0	0
197	22.506999969482422	0.0	0.0	0.0	0
198	22.614999771118164	0.0	0.0	0.0	0
199	22.722999572753906	0.0	0.0	0.0	0
200	22.83099937438965	0.0	0.0	0.0	0
201	22.93899917602539	0.0	0.0	0.0	0
202	23.047000885009766	0.0	0.0	0.0	0
203	23.155000686645508	0.0	0.0	0.0	0
204	23.26300048828125	0.0	0.0	0.0	0
205	23.371000289916992	0.0	0.0	0.0	0
206	23.479000091552734	0.0	0.0	0.0	0
207	23.586999893188477	0.0	0.0	0.0	0
208	23.69499969482422	0.0	0.0	0.0	0
209	23.80299949645996	0.0	0.0	0.0	0
210	23.910999298095703	0.0	0.0	0.0	0
211	24.018999099731445	0.0	0.0	0.0	0
212	24.12700080871582	0.0	0.0	0.0	0
213	24.235000610351562	0.0	0.0	0.0	0
214	24.343000411987305	0.0	0.0	0.0	0
215	24.451000213623047	0.0	0.0	0.0	0
216	24.55900001525879	0.0	0.0	0.0	0
217	24.66699981689453	0.0	0.0	0.0	0
218	24.774999618530273	0.0	0.0	0.0	0
219	24.882999420166016	0.0	0.0	0.0	0
220	24.990999221801758	0.0	0.0	0.0	0
221	25.099000930786133	0.0	0.0	0.0	0
222	25.207000732421875	0.0	0.0	0.0	0
223	25.315000534057617	0.0	0.0	0.0	0
224	25.42300033569336	0.0	0.0	0.0	0
225	25.5310001373291	0.0	0.0	0.0	0
226	25.638999938964844	0.0	0.0	0.0	0
227	25.746999740600586	0.0	0.0	0.0	0
228	25.854999542236328	0.0	0.0	0.0	0
229	25.96299934387207	0.0	0.0	0.0	0
230	26.070999145507812	0.0	0.0	0.0	0
231	26.179000854492188	0.0	0.0	0.0	0
232	26.28700065612793	0.0	0.0	0.0	0
233	26.395000457763672	0.0	0.0	0.0	0
234	26.503000259399414	0.0	0.0	0.0	0
235	26.611000061035156	0.0	0.0	0.0	0
236	26.7189998626709	0.0	0.0	0.0	0
237	26.82699966430664	0.0	0.0	0.0	0
238	26.934999465942383	0.0	0.0	0.0	0
240	27.150999069213867	0.0	0.0	0.0	0
241	27.259000778198242	0.0	0.0	0.0	0
243	27.475000381469727	0.0	0.0	0.0	0
244	27.58300018310547	0.0	0.0	0.0	0
245	27.69099998474121	0.0	0.0	0.0	0
246	27.798999786376953	0.0	0.0	0.0	0
247	27.906999588012695	0.0	0.0	0.0	0
248	28.014999389648438	0.0	0.0	0.0	0
249	28.12299919128418	0.0	0.0	0.0	0
250	28.231000900268555	0.0	0.0	0.0	0
251	28.339000701904297	0.0	0.0	0.0	0
252	28.44700050354004	0.0	0.0	0.0	0
253	28.55500030517578	0.0	0.0	0.0	0
254	28.663000106811523	0.0	0.0	0.0	0
255	28.770999908447266	0.0	0.0	0.0	0
256	28.878999710083008	0.0	0.0	0.0	0
257	28.98699951171875	0.0	0.0	0.0	0
258	29.094999313354492	0.0	0.0	0.0	0
259	29.202999114990234	0.0	0.0	0.0	0
260	29.31100082397461	0.0	0.0	0.0	0
261	29.41900062561035	0.0	0.0	0.0	0
262	29.527000427246094	0.0	0.0	0.0	0
263	29.635000228881836	0.0	0.0	0.0	0
264	29.743000030517578	0.0	0.0	0.0	0
265	29.85099983215332	0.0	0.0	0.0	0
266	29.958999633789062	0.0	0.0	0.0	0
267	30.066999435424805	0.0	0.0	0.0	0
268	30.174999237060547	0.0	0.0	0.0	0
269	30.283000946044922	0.0	0.0	0.0	0
270	30.391000747680664	0.0	0.0	0.0	0
271	30.499000549316406	0.0	0.0	0.0	0
272	30.60700035095215	0.0	0.0	0.0	0
273	30.71500015258789	0.0	0.0	0.0	0
274	30.822999954223633	0.0	0.0	0.0	0
275	30.930999755859375	0.0	0.0	0.0	0
276	31.038999557495117	0.0	0.0	0.0	0
277	31.14699935913086	0.0	0.0	0.0	0
278	31.2549991607666	0.0	0.0	0.0	0
279	31.363000869750977	0.0	0.0	0.0	0
280	31.47100067138672	0.0	0.0	0.0	0
281	31.57900047302246	0.0	0.0	0.0	0
282	31.687000274658203	0.0	0.0	0.0	0
283	31.795000076293945	0.0	0.0	0.0	0
284	31.902999877929688	0.0	0.0	0.0	0
285	32.01100158691406	0.0	0.0	0.0	0
286	32.11899948120117	0.0	0.0	0.0	0
287	32.22700119018555	0.0	0.0	0.0	0
288	32.334999084472656	0.0	0.0	0.0	0
289	32.44300079345703	0.0	0.0	0.0	0
290	32.55099868774414	0.0	0.0	0.0	0
291	32.659000396728516	0.0	0.0	0.0	0
292	32.766998291015625	0.0	0.0	0.0	0
293	32.875	0.0	0.0	0.0	0
294	32.983001708984375	0.0	0.0	0.0	0
295	33.090999603271484	0.0	0.0	0.0	0
296	33.19900131225586	0.0	0.0	0.0	0
297	33.30699920654297	0.0	0.0	0.0	0
298	33.415000915527344	0.0	0.0	0.0	0
299	33.52299880981445	0.0	0.0	0.0	0
300	33.63100051879883	0.0	0.0	0.0	0
301	33.73899841308594	0.0	0.0	0.0	0
302	33.84700012207031	0.0	0.0	0.0	0
303	33.95500183105469	0.0	0.0	0.0	0
304	34.0629997253418	0.0	0.0	0.0	0
305	34.17100143432617	0.0	0.0	0.0	0
306	34.27899932861328	0.0	0.0	0.0	0
307	34.387001037597656	0.0	0.0	0.0	0
308	34.494998931884766	0.0	0.0	0.0	0
309	34.60300064086914	0.0	0.0	0.0	0
310	34.71099853515625	0.0	0.0	0.0	0
311	34.819000244140625	0.0	0.0	0.0	0
312	34.926998138427734	0.0	0.0	0.0	0
313	35.03499984741211	0.0	0.0	0.0	0
314	35.143001556396484	0.0	0.0	0.0	0
315	35.250999450683594	0.0	0.0	0.0	0
316	35.35900115966797	0.0	0.0	0.0	0
317	35.46699905395508	0.0	0.0	0.0	0
318	35.57500076293945	0.0	0.0	0.0	0
319	35.68299865722656	0.0	0.0	0.0	0
320	35.79100036621094	0.0	0.0	0.0	0
321	35.89899826049805	0.0	0.0	0.0	0
322	36.00699996948242	0.0	0.0	0.0	0
324	36.222999572753906	0.0	0.0	0.0	0
325	36.33100128173828	0.0	0.0	0.0	0
326	36.43899917602539	0.0	0.0	0.0	0
327	36.547000885009766	0.0	0.0	0.0	0
328	36.654998779296875	0.0	0.0	0.0	0
329	36.76300048828125	0.0	0.0	0.0	0
330	36.87099838256836	0.0	0.0	0.0	0
331	36.979000091552734	0.0	0.0	0.0	0
332	37.08700180053711	0.0	0.0	0.0	0
333	37.19499969482422	0.0	0.0	0.0	0
334	37.303001403808594	0.0	0.0	0.0	0
335	37.4109992980957	0.0	0.0	0.0	0
336	37.51900100708008	0.0	0.0	0.0	0
337	37.62699890136719	0.0	0.0	0.0	0
338	37.73500061035156	0.0	0.0	0.0	0
339	37.84299850463867	0.0	0.0	0.0	0
340	37.95100021362305	0.0	0.0	0.0	0
341	38.058998107910156	0.0	0.0	0.0	0
342	38.16699981689453	0.0	0.0	0.0	0
343	38.275001525878906	0.0	0.0	0.0	0
345	38.49100112915039	0.0	0.0	0.0	0
346	38.5989990234375	0.0	0.0	0.0	0
347	38.707000732421875	0.0	0.0	0.0	0
348	38.814998626708984	0.0	0.0	0.0	0
349	38.92300033569336	0.0	0.0	0.0	0
350	39.03099822998047	0.0	0.0	0.0	0
351	39.138999938964844	0.0	0.0	0.0	0
352	39.24700164794922	0.0	0.0	0.0	0
353	39.35499954223633	0.0	0.0	0.0	0
354	39.4630012512207	0.0	0.0	0.0	0
355	39.57099914550781	0.0	0.0	0.0	0
356	39.67900085449219	0.0	0.0	0.0	0
357	39.7869987487793	0.0	0.0	0.0	0
358	39.89500045776367	0.0	0.0	0.0	0
359	40.00299835205078	0.0	0.0	0.0	0
360	40.111000061035156	0.0	0.0	0.0	0
361	40.21900177001953	0.0	0.0	0.0	0
362	40.32699966430664	0.0	0.0	0.0	0
363	40.435001373291016	0.0	0.0	0.0	0
364	40.542999267578125	0.0	0.0	0.0	0
365	40.6510009765625	0.0	0.0	0.0	0
366	40.75899887084961	0.0	0.0	0.0	0
367	40.867000579833984	0.0	0.0	0.0	0
368	40.974998474121094	0.0	0.0	0.0	0
369	41.08300018310547	0.0	0.0	0.0	0
370	41.191001892089844	0.0	0.0	0.0	0
371	41.29899978637695	0.0	0.0	0.0	0
372	41.40700149536133	0.0	0.0	0.0	0
373	41.51499938964844	0.0	0.0	0.0	0
374	41.62300109863281	0.0	0.0	0.0	0
375	41.73099899291992	0.0	0.0	0.0	0
376	41.8390007019043	0.0	0.0	0.0	0
377	41.946998596191406	0.0	0.0	0.0	0
379	42.16299819946289	0.0	0.0	0.0	0
380	42.270999908447266	0.0	0.0	0.0	0
381	42.37900161743164	0.0	0.0	0.0	0
382	42.48699951171875	0.0	0.0	0.0	0
383	42.595001220703125	0.0	0.0	0.0	0
384	42.702999114990234	0.0	0.0	0.0	0
385	42.81100082397461	0.0	0.0	0.0	0
386	42.91899871826172	0.0	0.0	0.0	0
387	43.027000427246094	0.0	0.0	0.0	0
388	43.1349983215332	0.0	0.0	0.0	0
389	43.24300003051758	0.0	0.0	0.0	0
390	43.35100173950195	0.0	0.0	0.0	0
391	43.45899963378906	0.0	0.0	0.0	0
392	43.56700134277344	0.0	0.0	0.0	0
393	43.67499923706055	0.0	0.0	0.0	0
394	43.78300094604492	0.0	0.0	0.0	0
395	43.89099884033203	0.0	0.0	0.0	0
396	43.999000549316406	0.0	0.0	0.0	0
397	44.106998443603516	0.0	0.0	0.0	0
398	44.21500015258789	0.0	0.0	0.0	0
399	44.323001861572266	0.0	0.0	0.0	0
400	44.430999755859375	0.0	0.0	0.0	0
401	44.53900146484375	0.0	0.0	0.0	0
402	44.64699935913086	0.0	0.0	0.0	0
403	44.755001068115234	0.0	0.0	0.0	0
404	44.862998962402344	0.0	0.0	0.0	0
405	44.97100067138672	0.0	0.0	0.0	0
406	45.07899856567383	0.0	0.0	0.0	0
407	45.1870002746582	0.0	0.0	0.0	0
408	45.29499816894531	0.0	0.0	0.0	0
409	45.40299987792969	0.0	0.0	0.0	0
410	45.51100158691406	0.0	0.0	0.0	0
411	45.61899948120117	0.0	0.0	0.0	0
412	45.72700119018555	0.0	0.0	0.0	0
413	45.834999084472656	0.0	0.0	0.0	0
414	45.94300079345703	0.0	0.0	0.0	0
415	46.05099868774414	0.0	0.0	0.0	0
416	46.159000396728516	0.0	0.0	0.0	0
417	46.266998291015625	0.0	0.0	0.0	0
418	46.375	0.0	0.0	0.0	0
419	46.483001708984375	0.0	0.0	0.0	0
420	46.590999603271484	0.0	0.0	0.0	0
421	46.69900131225586	0.0	0.0	0.0	0
422	46.80699920654297	0.0	0.0	0.0	0
423	46.915000915527344	0.0	0.0	0.0	0
424	47.02299880981445	0.0	0.0	0.0	0
425	47.13100051879883	0.0	0.0	0.0	0
426	47.23899841308594	0.0	0.0	0.0	0
427	47.34700012207031	0.0	0.0	0.0	0
428	47.45500183105469	0.0	0.0	0.0	0
429	47.5629997253418	0.0	0.0	0.0	0
430	47.67100143432617	0.0	0.0	0.0	0
431	47.77899932861328	0.0	0.0	0.0	0
432	47.887001037597656	0.0	0.0	0.0	0
433	47.994998931884766	0.0	0.0	0.0	0
434	48.10300064086914	0.0	0.0	0.0	0
435	48.21099853515625	0.0	0.0	0.0	0
436	48.319000244140625	0.0	0.0	0.0	0
437	48.426998138427734	0.0	0.0	0.0	0
438	48.53499984741211	0.0	0.0	0.0	0
439	48.643001556396484	0.0	0.0	0.0	0
440	48.750999450683594	0.0	0.0	0.0	0
441	48.85900115966797	0.0	0.0	0.0	0
442	48.96699905395508	0.0	0.0	0.0	0
443	49.07500076293945	0.0	0.0	0.0	0
444	49.18299865722656	0.0	0.0	0.0	0
445	49.29100036621094	0.0	0.0	0.0	0
446	49.39899826049805	0.0	0.0	0.0	0
447	49.50699996948242	0.0	0.0	0.0	0
449	49.722999572753906	0.0	0.0	0.0	0
450	49.83100128173828	0.0	0.0	0.0	0
451	49.93899917602539	0.0	0.0	0.0	0
452	50.047000885009766	0.0	0.0	0.0	0
453	50.154998779296875	0.0	0.0	0.0	0
454	50.26300048828125	0.0	0.0	0.0	0
455	50.37099838256836	0.0	0.0	0.0	0
456	50.479000091552734	0.0	0.0	0.0	0
457	50.58700180053711	0.0	0.0	0.0	0
458	50.69499969482422	0.0	0.0	0.0	0
459	50.803001403808594	0.0	0.0	0.0	0
460	50.9109992980957	0.0	0.0	0.0	0
461	51.01900100708008	0.0	0.0	0.0	0
462	51.12699890136719	0.0	0.0	0.0	0
463	51.23500061035156	0.0	0.0	0.0	0
464	51.34299850463867	0.0	0.0	0.0	0
465	51.45100021362305	0.0	0.0	0.0	0
466	51.558998107910156	0.0	0.0	0.0	0
467	51.66699981689453	0.0	0.0	0.0	0
468	51.775001525878906	0.0	0.0	0.0	0
469	51.882999420166016	0.0	0.0	0.0	0
470	51.99100112915039	0.0	0.0	0.0	0
471	52.0989990234375	0.0	0.0	0.0	0
472	52.207000732421875	0.0	0.0	0.0	0
473	52.314998626708984	0.0	0.0	0.0	0
474	52.42300033569336	0.0	0.0	0.0	0
475	52.53099822998047	0.0	0.0	0.0	0
476	52.638999938964844	0.0	0.0	0.0	0
477	52.74700164794922	0.0	0.0	0.0	0
478	52.85499954223633	0.0	0.0	0.0	0
479	52.9630012512207	0.0	0.0	0.0	0
480	53.07099914550781	0.0	0.0	0.0	0
481	53.17900085449219	0.0	0.0	0.0	0
482	53.2869987487793	0.0	0.0	0.0	0
483	53.39500045776367	0.0	0.0	0.0	0
484	53.50299835205078	0.0	0.0	0.0	0
485	53.611000061035156	0.0	0.0	0.0	0
486	53.71900177001953	0.0	0.0	0.0	0
487	53.82699966430664	0.0	0.0	0.0	0
488	53.935001373291016	0.0	0.0	0.0	0
489	54.042999267578125	0.0	0.0	0.0	0
490	54.1510009765625	0.0	0.0	0.0	0
491	54.25899887084961	0.0	0.0	0.0	0
492	54.367000579833984	0.0	0.0	0.0	0
493	54.474998474121094	0.0	0.0	0.0	0
494	54.58300018310547	0.0	0.0	0.0	0
495	54.691001892089844	0.0	0.0	0.0	0
496	54.79899978637695	0.0	0.0	0.0	0
497	54.90700149536133	0.0	0.0	0.0	0
498	55.01499938964844	0.0	0.0	0.0	0
499	55.12300109863281	0.0	0.0	0.0	0
500	55.23099899291992	0.0	0.0	0.0	0
501	55.3390007019043	0.0	0.0	0.0	0
502	55.446998596191406	0.0	0.0	0.0	0
503	55.55500030517578	0.0	0.0	0.0	0
504	55.66299819946289	0.0	0.0	0.0	0
505	55.770999908447266	0.0	0.0	0.0	0
506	55.87900161743164	0.0	0.0	0.0	0
507	55.98699951171875	0.0	0.0	0.0	0
508	56.095001220703125	0.0	0.0	0.0	0
509	56.202999114990234	0.0	0.0	0.0	0
510	56.31100082397461	0.0	0.0	0.0	0
511	56.41899871826172	0.0	0.0	0.0	0
512	56.527000427246094	0.0	0.0	0.0	0
513	56.6349983215332	0.0	0.0	0.0	0
514	56.74300003051758	0.0	0.0	0.0	0
515	56.85100173950195	0.0	0.0	0.0	0
516	56.95899963378906	0.0	0.0	0.0	0
517	57.06700134277344	0.0	0.0	0.0	0
519	57.28300094604492	0.0	0.0	0.0	0
520	57.39099884033203	0.0	0.0	0.0	0
521	57.499000549316406	0.0	0.0	0.0	0
522	57.606998443603516	0.0	0.0	0.0	0
523	57.71500015258789	0.0	0.0	0.0	0
524	57.823001861572266	0.0	0.0	0.0	0
525	57.930999755859375	0.0	0.0	0.0	0
526	58.03900146484375	0.0	0.0	0.0	0
527	58.14699935913086	0.0	0.0	0.0	0
528	58.255001068115234	0.0	0.0	0.0	0
529	58.362998962402344	0.0	0.0	0.0	0
530	58.47100067138672	0.0	0.0	0.0	0
531	58.57899856567383	0.0	0.0	0.0	0
532	58.6870002746582	0.0	0.0	0.0	0
534	58.90299987792969	0.0	0.0	0.0	0
535	59.01100158691406	0.0	0.0	0.0	0
536	59.11899948120117	0.0	0.0	0.0	0
537	59.22700119018555	0.0	0.0	0.0	0
538	59.334999084472656	0.0	0.0	0.0	0
539	59.44300079345703	0.0	0.0	0.0	0
540	59.55099868774414	0.0	0.0	0.0	0
541	59.659000396728516	0.0	0.0	0.0	0
542	59.766998291015625	0.0	0.0	0.0	0
543	59.875	0.0	0.0	0.0	0
544	59.983001708984375	0.0	0.0	0.0	0
545	60.090999603271484	0.0	0.0	0.0	0
546	60.19900131225586	0.0	0.0	0.0	0
547	60.30699920654297	0.0	0.0	0.0	0
548	60.415000915527344	0.0	0.0	0.0	0
549	60.52299880981445	0.0	0.0	0.0	0
550	60.63100051879883	0.0	0.0	0.0	0
551	60.73899841308594	0.0	0.0	0.0	0
552	60.84700012207031	0.0	0.0	0.0	0
553	60.95500183105469	0.0	0.0	0.0	0
554	61.0629997253418	0.0	0.0	0.0	0
555	61.17100143432617	0.0	0.0	0.0	0
556	61.27899932861328	0.0	0.0	0.0	0
557	61.387001037597656	0.0	0.0	0.0	0
559	61.60300064086914	0.0	0.0	0.0	0
560	61.71099853515625	0.0	0.0	0.0	0
562	61.926998138427734	0.0	0.0	0.0	0
567	62.46699905395508	0.0	0.0	0.0	0
569	62.68299865722656	0.0	0.0	0.0	0
570	62.79100036621094	0.0	0.0	0.0	0
571	62.89899826049805	0.0	0.0	0.0	0
572	63.00699996948242	0.0	0.0	0.0	0
573	63.1150016784668	0.0	0.0	0.0	0
574	63.222999572753906	0.0	0.0	0.0	0
575	63.33100128173828	0.0	0.0	0.0	0
576	63.43899917602539	0.0	0.0	0.0	0
577	63.547000885009766	0.0	0.0	0.0	0
578	63.654998779296875	0.0	0.0	0.0	0
579	63.76300048828125	0.0	0.0	0.0	0
580	63.87099838256836	0.0	0.0	0.0	0
581	63.979000091552734	0.0	0.0	0.0	0
582	64.08699798583984	0.0	0.0	0.0	0
583	64.19499969482422	0.0	0.0	0.0	0
584	64.3030014038086	0.0	0.0	0.0	0
586	64.51899719238281	0.0	0.0	0.0	0
587	64.62699890136719	0.0	0.0	0.0	0
589	64.84300231933594	0.0	0.0	0.0	0
590	64.95099639892578	0.0	0.0	0.0	0
591	65.05899810791016	0.0	0.0	0.0	0
592	65.16699981689453	0.0	0.0	0.0	0
593	65.2750015258789	0.0	0.0	0.0	0
595	65.49099731445312	0.0	0.0	0.0	0
596	65.5989990234375	0.0	0.0	0.0	0
597	65.70700073242188	0.0	0.0	0.0	0
598	65.81500244140625	0.0	0.0	0.0	0
599	65.9229965209961	0.0	0.0	0.0	0
600	66.03099822998047	0.0	0.0	0.0	0
603	66.3550033569336	0.0	0.0	0.0	0
604	66.46299743652344	0.0	0.0	0.0	0
605	66.57099914550781	0.0	0.0	0.0	0
607	66.78700256347656	0.0	0.0	0.0	0
612	67.3270034790039	0.0	0.0	0.0	0
613	67.43499755859375	0.0	0.0	0.0	0
616	67.75900268554688	0.0	0.0	0.0	0
617	67.86699676513672	0.0	0.0	0.0	0
618	67.9749984741211	0.0	0.0	0.0	0
619	68.08300018310547	0.0	0.0	0.0	0
620	68.19100189208984	0.0	0.0	0.0	0
621	68.29900360107422	0.0	0.0	0.0	0
622	68.40699768066406	0.0	0.0	0.0	0
623	68.51499938964844	0.0	0.0	0.0	0
624	68.62300109863281	0.0	0.0	0.0	0
625	68.73100280761719	0.0	0.0	0.0	0
626	68.83899688720703	0.0	0.0	0.0	0
627	68.9469985961914	0.0	0.0	0.0	0
628	69.05500030517578	0.0	0.0	0.0	0
630	69.27100372314453	0.0	0.0	0.0	0
631	69.37899780273438	0.0	0.0	0.0	0
632	69.48699951171875	0.0	0.0	0.0	0
633	69.59500122070312	0.0	0.0	0.0	0
634	69.7030029296875	0.0	0.0	0.0	0
635	69.81099700927734	0.0	0.0	0.0	0
636	69.91899871826172	0.0	0.0	0.0	0
637	70.0270004272461	0.0	0.0	0.0	0
638	70.13500213623047	0.0	0.0	0.0	0
639	70.24299621582031	0.0	0.0	0.0	0
640	70.35099792480469	0.0	0.0	0.0	0
641	70.45899963378906	0.0	0.0	0.0	0
642	70.56700134277344	0.0	0.0	0.0	0
645	70.89099884033203	0.0	0.0	0.0	0
646	70.9990005493164	0.0	0.0	0.0	0
647	71.10700225830078	0.0	0.0	0.0	0
648	71.21499633789062	0.0	0.0	0.0	0
649	71.322998046875	0.0	0.0	0.0	0
650	71.43099975585938	0.0	0.0	0.0	0
653	71.75499725341797	0.0	0.0	0.0	0
654	71.86299896240234	0.0	0.0	0.0	0
655	71.97100067138672	0.0	0.0	0.0	0
656	72.0790023803711	0.0	0.0	0.0	0
657	72.18699645996094	0.0	0.0	0.0	0
658	72.29499816894531	0.0	0.0	0.0	0
659	72.40299987792969	0.0	0.0	0.0	0
660	72.51100158691406	0.0	0.0	0.0	0
661	72.61900329589844	0.0	0.0	0.0	0
663	72.83499908447266	0.0	0.0	0.0	0
664	72.94300079345703	0.0	0.0	0.0	0
666	73.15899658203125	0.0	0.0	0.0	0
667	73.26699829101562	0.0	0.0	0.0	0
668	73.375	0.0	0.0	0.0	0
671	73.6989974975586	0.0	0.0	0.0	0
672	73.80699920654297	0.0	0.0	0.0	0
673	73.91500091552734	0.0	0.0	0.0	0
674	74.02300262451172	0.0	0.0	0.0	0
676	74.23899841308594	0.0	0.0	0.0	0
677	74.34700012207031	0.0	0.0	0.0	0
678	74.45500183105469	0.0	0.0	0.0	0
679	74.56300354003906	0.0	0.0	0.0	0
680	74.6709976196289	0.0	0.0	0.0	0
681	74.77899932861328	0.0	0.0	0.0	0
682	74.88700103759766	0.0	0.0	0.0	0
683	74.99500274658203	0.0	0.0	0.0	0
684	75.10299682617188	0.0	0.0	0.0	0
685	75.21099853515625	0.0	0.0	0.0	0
686	75.31900024414062	0.0	0.0	0.0	0
687	75.427001953125	0.0	0.0	0.0	0
688	75.53500366210938	0.0	0.0	0.0	0
689	75.64299774169922	0.0	0.0	0.0	0
690	75.7509994506836	0.0	0.0	0.0	0
691	75.85900115966797	0.0	0.0	0.0	0
692	75.96700286865234	0.0	0.0	0.0	0
693	76.07499694824219	0.0	0.0	0.0	0
694	76.18299865722656	0.0	0.0	0.0	0
695	76.29100036621094	0.0	0.0	0.0	0
696	76.39900207519531	0.0	0.0	0.0	0
697	76.50700378417969	0.0	0.0	0.0	0
698	76.61499786376953	0.0	0.0	0.0	0
699	76.7229995727539	0.0	0.0	0.0	0
700	76.83100128173828	0.0	0.0	0.0	0
701	76.93900299072266	0.0	0.0	0.0	0
702	77.0469970703125	0.0	0.0	0.0	0
703	77.15499877929688	0.0	0.0	0.0	0
704	77.26300048828125	0.0	0.0	0.0	0
705	77.37100219726562	0.0	0.0	0.0	0
706	77.47899627685547	0.0	0.0	0.0	0
707	77.58699798583984	0.0	0.0	0.0	0
708	77.69499969482422	0.0	0.0	0.0	0
709	77.8030014038086	0.0	0.0	0.0	0
710	77.91100311279297	0.0	0.0	0.0	0
712	78.12699890136719	0.0	0.0	0.0	0
714	78.34300231933594	0.0	0.0	0.0	0
715	78.45099639892578	0.0	0.0	0.0	0
716	78.55899810791016	0.0	0.0	0.0	0
717	78.66699981689453	0.0	0.0	0.0	0
718	78.7750015258789	0.0	0.0	0.0	0
721	79.0989990234375	0.0	0.0	0.0	0
722	79.20700073242188	0.0	0.0	0.0	0
723	79.31500244140625	0.0	0.0	0.0	0
724	79.4229965209961	0.0	0.0	0.0	0
725	79.53099822998047	0.0	0.0	0.0	0
726	79.63899993896484	0.0	0.0	0.0	0
727	79.74700164794922	0.0	0.0	0.0	0
729	79.96299743652344	0.0	0.0	0.0	0
730	80.07099914550781	0.0	0.0	0.0	0
731	80.17900085449219	0.0	0.0	0.0	0
732	80.28700256347656	0.0	0.0	0.0	0
733	80.3949966430664	0.0	0.0	0.0	0
734	80.50299835205078	0.0	0.0	0.0	0
735	80.61100006103516	0.0	0.0	0.0	0
736	80.71900177001953	0.0	0.0	0.0	0
737	80.8270034790039	0.0	0.0	0.0	0
738	80.93499755859375	0.0	0.0	0.0	0
739	81.04299926757812	0.0	0.0	0.0	0
740	81.1510009765625	0.0	0.0	0.0	0
741	81.25900268554688	0.0	0.0	0.0	0
742	81.36699676513672	0.0	0.0	0.0	0
744	81.58300018310547	0.0	0.0	0.0	0
745	81.69100189208984	0.0	0.0	0.0	0
746	81.79900360107422	0.0	0.0	0.0	0
747	81.90699768066406	0.0	0.0	0.0	0
748	82.01499938964844	0.0	0.0	0.0	0
749	82.12300109863281	0.0	0.0	0.0	0
750	82.23100280761719	0.0	0.0	0.0	0
752	82.4469985961914	0.0	0.0	0.0	0
753	82.55500030517578	0.0	0.0	0.0	0
754	82.66300201416016	0.0	0.0	0.0	0
755	82.77100372314453	0.0	0.0	0.0	0
756	82.87899780273438	0.0	0.0	0.0	0
757	82.98699951171875	0.0	0.0	0.0	0
759	83.2030029296875	0.0	0.0	0.0	0
760	83.31099700927734	0.0	0.0	0.0	0
761	83.41899871826172	0.0	0.0	0.0	0
762	83.5270004272461	0.0	0.0	0.0	0
764	83.74299621582031	0.0	0.0	0.0	0
765	83.85099792480469	0.0	0.0	0.0	0
766	83.95899963378906	0.0	0.0	0.0	0
767	84.06700134277344	0.0	0.0	0.0	0
770	84.39099884033203	0.0	0.0	0.0	0
771	84.4990005493164	0.0	0.0	0.0	0
772	84.60700225830078	0.0	0.0	0.0	0
773	84.71499633789062	0.0	0.0	0.0	0
774	84.822998046875	0.0	0.0	0.0	0
775	84.93099975585938	0.0	0.0	0.0	0
776	85.03900146484375	0.0	0.0	0.0	0
777	85.14700317382812	0.0	0.0	0.0	0
778	85.25499725341797	0.0	0.0	0.0	0
779	85.36299896240234	0.0	0.0	0.0	0
780	85.47100067138672	0.0	0.0	0.0	0
781	85.5790023803711	0.0	0.0	0.0	0
782	85.68699645996094	0.0	0.0	0.0	0
783	85.79499816894531	0.0	0.0	0.0	0
784	85.90299987792969	0.0	0.0	0.0	0
785	86.01100158691406	0.0	0.0	0.0	0
788	86.33499908447266	0.0	0.0	0.0	0
789	86.44300079345703	0.0	0.0	0.0	0
790	86.5510025024414	0.0	0.0	0.0	0
791	86.65899658203125	0.0	0.0	0.0	0
792	86.76699829101562	0.0	0.0	0.0	0
793	86.875	0.0	0.0	0.0	0
794	86.98300170898438	0.0	0.0	0.0	0
795	87.09100341796875	0.0	0.0	0.0	0
796	87.1989974975586	0.0	0.0	0.0	0
797	87.30699920654297	0.0	0.0	0.0	0
798	87.41500091552734	0.0	0.0	0.0	0
799	87.52300262451172	0.0	0.0	0.0	0
800	87.63099670410156	0.0	0.0	0.0	0
801	87.73899841308594	0.0	0.0	0.0	0
802	87.84700012207031	0.0	0.0	0.0	0
803	87.95500183105469	0.0	0.0	0.0	0
804	88.06300354003906	0.0	0.0	0.0	0
805	88.1709976196289	0.0	0.0	0.0	0
806	88.27899932861328	0.0	0.0	0.0	0
807	88.38700103759766	0.0	0.0	0.0	0
808	88.49500274658203	0.0	0.0	0.0	0
809	88.60299682617188	0.0	0.0	0.0	0
810	88.71099853515625	0.0	0.0	0.0	0
811	88.81900024414062	0.0	0.0	0.0	0
812	88.927001953125	0.0	0.0	0.0	0
813	89.03500366210938	0.0	0.0	0.0	0
814	89.14299774169922	0.0	0.0	0.0	0
815	89.2509994506836	0.0	0.0	0.0	0
816	89.35900115966797	0.0	0.0	0.0	0
817	89.46700286865234	0.0	0.0	0.0	0
818	89.57499694824219	0.0	0.0	0.0	0
819	89.68299865722656	0.0	0.0	0.0	0
820	89.79100036621094	0.0	0.0	0.0	0
821	89.89900207519531	0.0	0.0	0.0	0
822	90.00700378417969	0.0	0.0	0.0	0
823	90.11499786376953	0.0	0.0	0.0	0
824	90.2229995727539	0.0	0.0	0.0	0
825	90.33100128173828	0.0	0.0	0.0	0
826	90.43900299072266	0.0	0.0	0.0	0
827	90.5469970703125	0.0	0.0	0.0	0
828	90.65499877929688	0.0	0.0	0.0	0
829	90.76300048828125	0.0	0.0	0.0	0
830	90.87100219726562	0.0	0.0	0.0	0
831	90.97899627685547	0.0	0.0	0.0	0
832	91.08699798583984	0.0	0.0	0.0	0
833	91.19499969482422	0.0	0.0	0.0	0
834	91.3030014038086	0.0	0.0	0.0	0
835	91.41100311279297	0.0	0.0	0.0	0
836	91.51899719238281	0.0	0.0	0.0	0
837	91.62699890136719	0.0	0.0	0.0	0
838	91.73500061035156	0.0	0.0	0.0	0
839	91.84300231933594	0.0	0.0	0.0	0
840	91.95099639892578	0.0	0.0	0.0	0
841	92.05899810791016	0.0	0.0	0.0	0
842	92.16699981689453	0.0	0.0	0.0	0
844	92.38300323486328	0.0	0.0	0.0	0
845	92.49099731445312	0.0	0.0	0.0	0
847	92.70700073242188	0.0	0.0	0.0	0
848	92.81500244140625	0.0	0.0	0.0	0
849	92.9229965209961	0.0	0.0	0.0	0
850	93.03099822998047	0.0	0.0	0.0	0
851	93.13899993896484	0.0	0.0	0.0	0
852	93.24700164794922	0.0	0.0	0.0	0
853	93.3550033569336	0.0	0.0	0.0	0
854	93.46299743652344	0.0	0.0	0.0	0
855	93.57099914550781	0.0	0.0	0.0	0
856	93.67900085449219	0.0	0.0	0.0	0
857	93.78700256347656	0.0	0.0	0.0	0
858	93.8949966430664	0.0	0.0	0.0	0
859	94.00299835205078	0.0	0.0	0.0	0
860	94.11100006103516	0.0	0.0	0.0	0
861	94.21900177001953	0.0	0.0	0.0	0
862	94.3270034790039	0.0	0.0	0.0	0
863	94.43499755859375	0.0	0.0	0.0	0
864	94.54299926757812	0.0	0.0	0.0	0
865	94.6510009765625	0.0	0.0	0.0	0
866	94.75900268554688	0.0	0.0	0.0	0
867	94.86699676513672	0.0	0.0	0.0	0
868	94.9749984741211	0.0	0.0	0.0	0
869	95.08300018310547	0.0	0.0	0.0	0
870	95.19100189208984	0.0	0.0	0.0	0
871	95.29900360107422	0.0	0.0	0.0	0
872	95.40699768066406	0.0	0.0	0.0	0
873	95.51499938964844	0.0	0.0	0.0	0
874	95.62300109863281	0.0	0.0	0.0	0
875	95.73100280761719	0.0	0.0	0.0	0
876	95.83899688720703	0.0	0.0	0.0	0
877	95.9469985961914	0.0	0.0	0.0	0
878	96.05500030517578	0.0	0.0	0.0	0
879	96.16300201416016	0.0	0.0	0.0	0
880	96.27100372314453	0.0	0.0	0.0	0
881	96.37899780273438	0.0	0.0	0.0	0
882	96.48699951171875	0.0	0.0	0.0	0
883	96.59500122070312	0.0	0.0	0.0	0
884	96.7030029296875	0.0	0.0	0.0	0
885	96.81099700927734	0.0	0.0	0.0	0
886	96.91899871826172	0.0	0.0	0.0	0
887	97.0270004272461	0.0	0.0	0.0	0
888	97.13500213623047	0.0	0.0	0.0	0
889	97.24299621582031	0.0	0.0	0.0	0
890	97.35099792480469	0.0	0.0	0.0	0
891	97.45899963378906	0.0	0.0	0.0	0
892	97.56700134277344	0.0	0.0	0.0	0
893	97.67500305175781	0.0	0.0	0.0	0
894	97.78299713134766	0.0	0.0	0.0	0
895	97.89099884033203	0.0	0.0	0.0	0
896	97.9990005493164	0.0	0.0	0.0	0
897	98.10700225830078	0.0	0.0	0.0	0
898	98.21499633789062	0.0	0.0	0.0	0
899	98.322998046875	0.0	0.0	0.0	0
900	98.43099975585938	0.0	0.0	0.0	0
901	98.53900146484375	0.0	0.0	0.0	0
902	98.64700317382812	0.0	0.0	0.0	0
903	98.75499725341797	0.0	0.0	0.0	0
904	98.86299896240234	0.0	0.0	0.0	0
907	99.18699645996094	0.0	0.0	0.0	0
908	99.29499816894531	0.0	0.0	0.0	0
909	99.40299987792969	0.0	0.0	0.0	0
910	99.51100158691406	0.0	0.0	0.0	0
911	99.61900329589844	0.0	0.0	0.0	0
912	99.72699737548828	0.0	0.0	0.0	0
913	99.83499908447266	0.0	0.0	0.0	0
914	99.94300079345703	0.0	0.0	0.0	0
915	100.0510025024414	0.0	0.0	0.0	0
916	100.15899658203125	0.0	0.0	0.0	0
917	100.26699829101562	0.0	0.0	0.0	0
918	100.375	0.0	0.0	0.0	0
920	100.59100341796875	0.0	0.0	0.0	0
921	100.6989974975586	0.0	0.0	0.0	0
922	100.80699920654297	0.0	0.0	0.0	0
923	100.91500091552734	0.0	0.0	0.0	0
924	101.02300262451172	0.0	0.0	0.0	0
925	101.13099670410156	0.0	0.0	0.0	0
926	101.23899841308594	0.0	0.0	0.0	0
927	101.34700012207031	0.0	0.0	0.0	0
928	101.45500183105469	0.0	0.0	0.0	0
929	101.56300354003906	0.0	0.0	0.0	0
931	101.77899932861328	0.0	0.0	0.0	0
932	101.88700103759766	0.0	0.0	0.0	0
933	101.99500274658203	0.0	0.0	0.0	0
934	102.10299682617188	0.0	0.0	0.0	0
935	102.21099853515625	0.0	0.0	0.0	0
936	102.31900024414062	0.0	0.0	0.0	0
937	102.427001953125	0.0	0.0	0.0	0
938	102.53500366210938	0.0	0.0	0.0	0
940	102.7509994506836	0.0	0.0	0.0	0
941	102.85900115966797	0.0	0.0	0.0	0
942	102.96700286865234	0.0	0.0	0.0	0
943	103.07499694824219	0.0	0.0	0.0	0
944	103.18299865722656	0.0	0.0	0.0	0
945	103.29100036621094	0.0	0.0	0.0	0
946	103.39900207519531	0.0	0.0	0.0	0
947	103.50700378417969	0.0	0.0	0.0	0
948	103.61499786376953	0.0	0.0	0.0	0
949	103.7229995727539	0.0	0.0	0.0	0
950	103.83100128173828	0.0	0.0	0.0	0
951	103.93900299072266	0.0	0.0	0.0	0
952	104.0469970703125	0.0	0.0	0.0	0
953	104.15499877929688	0.0	0.0	0.0	0
954	104.26300048828125	0.0	0.0	0.0	0
955	104.37100219726562	0.0	0.0	0.0	0
956	104.47899627685547	0.0	0.0	0.0	0
957	104.58699798583984	0.0	0.0	0.0	0
959	104.8030014038086	0.0	0.0	0.0	0
961	105.01899719238281	0.0	0.0	0.0	0
962	105.12699890136719	0.0	0.0	0.0	0
963	105.23500061035156	0.0	0.0	0.0	0
964	105.34300231933594	0.0	0.0	0.0	0
965	105.45099639892578	0.0	0.0	0.0	0
966	105.55899810791016	0.0	0.0	0.0	0
967	105.66699981689453	0.0	0.0	0.0	0
968	105.7750015258789	0.0	0.0	0.0	0
969	105.88300323486328	0.0	0.0	0.0	0
970	105.99099731445312	0.0	0.0	0.0	0
971	106.0989990234375	0.0	0.0	0.0	0
972	106.20700073242188	0.0	0.0	0.0	0
973	106.31500244140625	0.0	0.0	0.0	0
974	106.4229965209961	0.0	0.0	0.0	0
975	106.53099822998047	0.0	0.0	0.0	0
977	106.74700164794922	0.0	0.0	0.0	0
978	106.8550033569336	0.0	0.0	0.0	0
979	106.96299743652344	0.0	0.0	0.0	0
980	107.07099914550781	0.0	0.0	0.0	0
981	107.17900085449219	0.0	0.0	0.0	0
982	107.28700256347656	0.0	0.0	0.0	0
983	107.3949966430664	0.0	0.0	0.0	0
984	107.50299835205078	0.0	0.0	0.0	0
985	107.61100006103516	0.0	0.0	0.0	0
986	107.71900177001953	0.0	0.0	0.0	0
987	107.8270034790039	0.0	0.0	0.0	0
988	107.93499755859375	0.0	0.0	0.0	0
989	108.04299926757812	0.0	0.0	0.0	0
990	108.1510009765625	0.0	0.0	0.0	0
991	108.25900268554688	0.0	0.0	0.0	0
993	108.4749984741211	0.0	0.0	0.0	0
994	108.58300018310547	0.0	0.0	0.0	0
995	108.69100189208984	0.0	0.0	0.0	0
996	108.79900360107422	0.0	0.0	0.0	0
997	108.90699768066406	0.0	0.0	0.0	0
998	109.01499938964844	0.0	0.0	0.0	0
999	109.12300109863281	0.0	0.0	0.0	0
1000	109.23100280761719	0.0	0.0	0.0	0
1001	109.33899688720703	0.0	0.0	0.0	0
1002	109.4469985961914	0.0	0.0	0.0	0
1003	109.55500030517578	0.0	0.0	0.0	0
1004	109.66300201416016	0.0	0.0	0.0	0
1005	109.77100372314453	0.0	0.0	0.0	0
1006	109.87899780273438	0.0	0.0	0.0	0
1009	110.2030029296875	0.0	0.0	0.0	0
1010	110.31099700927734	0.0	0.0	0.0	0
1012	110.5270004272461	0.0	0.0	0.0	0
1013	110.63500213623047	0.0	0.0	0.0	0
1015	110.85099792480469	0.0	0.0	0.0	0
1016	110.95899963378906	0.0	0.0	0.0	0
1017	111.06700134277344	0.0	0.0	0.0	0
1018	111.17500305175781	0.0	0.0	0.0	0
1019	111.28299713134766	0.0	0.0	0.0	0
1020	111.39099884033203	0.0	0.0	0.0	0
1021	111.4990005493164	0.0	0.0	0.0	0
1022	111.60700225830078	0.0	0.0	0.0	0
1023	111.71499633789062	0.0	0.0	0.0	0
1024	111.822998046875	0.0	0.0	0.0	0
1026	112.03900146484375	0.0	0.0	0.0	0
1028	112.25499725341797	0.0	0.0	0.0	0
1029	112.36299896240234	0.0	0.0	0.0	0
1030	112.47100067138672	0.0	0.0	0.0	0
1031	112.5790023803711	0.0	0.0	0.0	0
1032	112.68699645996094	0.0	0.0	0.0	0
1033	112.79499816894531	0.0	0.0	0.0	0
1034	112.90299987792969	0.0	0.0	0.0	0
1035	113.01100158691406	0.0	0.0	0.0	0
1036	113.11900329589844	0.0	0.0	0.0	0
1037	113.22699737548828	0.0	0.0	0.0	0
1038	113.33499908447266	0.0	0.0	0.0	0
1039	113.44300079345703	0.0	0.0	0.0	0
1040	113.5510025024414	0.0	0.0	0.0	0
1041	113.65899658203125	0.0	0.0	0.0	0
1044	113.98300170898438	0.0	0.0	0.0	0
1046	114.1989974975586	0.0	0.0	0.0	0
1047	114.30699920654297	0.0	0.0	0.0	0
1048	114.41500091552734	0.0	0.0	0.0	0
1049	114.52300262451172	0.0	0.0	0.0	0
1050	114.63099670410156	0.0	0.0	0.0	0
1051	114.73899841308594	0.0	0.0	0.0	0
1052	114.84700012207031	0.0	0.0	0.0	0
1053	114.95500183105469	0.0	0.0	0.0	0
1054	115.06300354003906	0.0	0.0	0.0	0
1055	115.1709976196289	0.0	0.0	0.0	0
1056	115.27899932861328	0.0	0.0	0.0	0
1057	115.38700103759766	0.0	0.0	0.0	0
1058	115.49500274658203	0.0	0.0	0.0	0
1059	115.60299682617188	0.0	0.0	0.0	0
1060	115.71099853515625	0.0	0.0	0.0	0
1061	115.81900024414062	0.0	0.0	0.0	0
1062	115.927001953125	0.0	0.0	0.0	0
1063	116.03500366210938	0.0	0.0	0.0	0
1064	116.14299774169922	0.0	0.0	0.0	0
1065	116.2509994506836	0.0	0.0	0.0	0
1066	116.35900115966797	0.0	0.0	0.0	0
1067	116.46700286865234	0.0	0.0	0.0	0
1068	116.57499694824219	0.0	0.0	0.0	0
1069	116.68299865722656	0.0	0.0	0.0	0
1070	116.79100036621094	0.0	0.0	0.0	0
1071	116.89900207519531	0.0	0.0	0.0	0
1072	117.00700378417969	0.0	0.0	0.0	0
1073	117.11499786376953	0.0	0.0	0.0	0
1075	117.33100128173828	0.0	0.0	0.0	0
1076	117.43900299072266	0.0	0.0	0.0	0
1077	117.5469970703125	0.0	0.0	0.0	0
1078	117.65499877929688	0.0	0.0	0.0	0
1079	117.76300048828125	0.0	0.0	0.0	0
1080	117.87100219726562	0.0	0.0	0.0	0
1081	117.97899627685547	0.0	0.0	0.0	0
1082	118.08699798583984	0.0	0.0	0.0	0
1083	118.19499969482422	0.0	0.0	0.0	0
1084	118.3030014038086	0.0	0.0	0.0	0
1085	118.41100311279297	0.0	0.0	0.0	0
1086	118.51899719238281	0.0	0.0	0.0	0
1087	118.62699890136719	0.0	0.0	0.0	0
1088	118.73500061035156	0.0	0.0	0.0	0
1089	118.84300231933594	0.0	0.0	0.0	0
1090	118.95099639892578	0.0	0.0	0.0	0
1091	119.05899810791016	0.0	0.0	0.0	0
1092	119.16699981689453	0.0	0.0	0.0	0
1093	119.2750015258789	0.0	0.0	0.0	0
1094	119.38300323486328	0.0	0.0	0.0	0
1095	119.49099731445312	0.0	0.0	0.0	0
1096	119.5989990234375	0.0	0.0	0.0	0
1097	119.70700073242188	0.0	0.0	0.0	0
1098	119.81500244140625	0.0	0.0	0.0	0
1099	119.9229965209961	0.0	0.0	0.0	0
1100	120.03099822998047	0.0	0.0	0.0	0
1102	120.24700164794922	0.0	0.0	0.0	0
1105	120.57099914550781	0.0	0.0	0.0	0
1106	120.67900085449219	0.0	0.0	0.0	0
1107	120.78700256347656	0.0	0.0	0.0	0
1108	120.8949966430664	0.0	0.0	0.0	0
1109	121.00299835205078	0.0	0.0	0.0	0
1110	121.11100006103516	0.0	0.0	0.0	0
1111	121.21900177001953	0.0	0.0	0.0	0
1112	121.3270034790039	0.0	0.0	0.0	0
1113	121.43499755859375	0.0	0.0	0.0	0
1115	121.6510009765625	0.0	0.0	0.0	0
1116	121.75900268554688	0.0	0.0	0.0	0
1117	121.86699676513672	0.0	0.0	0.0	0
1118	121.9749984741211	0.0	0.0	0.0	0
1119	122.08300018310547	0.0	0.0	0.0	0
1120	122.19100189208984	0.0	0.0	0.0	0
1121	122.29900360107422	0.0	0.0	0.0	0
1122	122.40699768066406	0.0	0.0	0.0	0
1123	122.51499938964844	0.0	0.0	0.0	0
1124	122.62300109863281	0.0	0.0	0.0	0
1125	122.73100280761719	0.0	0.0	0.0	0
1126	122.83899688720703	0.0	0.0	0.0	0
1127	122.9469985961914	0.0	0.0	0.0	0
1128	123.05500030517578	0.0	0.0	0.0	0
1129	123.16300201416016	0.0	0.0	0.0	0
1130	123.27100372314453	0.0	0.0	0.0	0
1131	123.37899780273438	0.0	0.0	0.0	0
1132	123.48699951171875	0.0	0.0	0.0	0
1133	123.59500122070312	0.0	0.0	0.0	0
1134	123.7030029296875	0.0	0.0	0.0	0
1135	123.81099700927734	0.0	0.0	0.0	0
1136	123.91899871826172	0.0	0.0	0.0	0
1137	124.0270004272461	0.0	0.0	0.0	0
1138	124.13500213623047	0.0	0.0	0.0	0
1139	124.24299621582031	0.0	0.0	0.0	0
1140	124.35099792480469	0.0	0.0	0.0	0
1141	124.45899963378906	0.0	0.0	0.0	0
1142	124.56700134277344	0.0	0.0	0.0	0
1143	124.67500305175781	0.0	0.0	0.0	0
1144	124.78299713134766	0.0	0.0	0.0	0
1145	124.89099884033203	0.0	0.0	0.0	0
1146	124.9990005493164	0.0	0.0	0.0	0
1147	125.10700225830078	0.0	0.0	0.0	0
1148	125.21499633789062	0.0	0.0	0.0	0
1149	125.322998046875	0.0	0.0	0.0	0
1150	125.43099975585938	0.0	0.0	0.0	0
1151	125.53900146484375	0.0	0.0	0.0	0
1152	125.64700317382812	0.0	0.0	0.0	0
1153	125.75499725341797	0.0	0.0	0.0	0
1154	125.86299896240234	0.0	0.0	0.0	0
1155	125.97100067138672	0.0	0.0	0.0	0
1156	126.0790023803711	0.0	0.0	0.0	0
1157	126.18699645996094	0.0	0.0	0.0	0
1158	126.29499816894531	0.0	0.0	0.0	0
1159	126.40299987792969	0.0	0.0	0.0	0
1160	126.51100158691406	0.0	0.0	0.0	0
1161	126.61900329589844	0.0	0.0	0.0	0
1162	126.72699737548828	0.0	0.0	0.0	0
1163	126.83499908447266	0.0	0.0	0.0	0
1164	126.94300079345703	0.0	0.0	0.0	0
1166	127.15899658203125	0.0	0.0	0.0	0
1167	127.26699829101562	0.0	0.0	0.0	0
1168	127.375	0.0	0.0	0.0	0
1169	127.48300170898438	0.0	0.0	0.0	0
1170	127.59100341796875	0.0	0.0	0.0	0
1171	127.6989974975586	0.0	0.0	0.0	0
1172	127.80699920654297	0.0	0.0	0.0	0
1173	127.91500091552734	0.0	0.0	0.0	0
1174	128.0229949951172	0.0	0.0	0.0	0
1175	128.13099670410156	0.0	0.0	0.0	0
1176	128.23899841308594	0.0	0.0	0.0	0
1177	128.3470001220703	0.0	0.0	0.0	0
1178	128.4550018310547	0.0	0.0	0.0	0
1179	128.56300354003906	0.0	0.0	0.0	0
1181	128.7790069580078	0.0	0.0	0.0	0
1182	128.88699340820312	0.0	0.0	0.0	0
1183	128.9949951171875	0.0	0.0	0.0	0
1184	129.10299682617188	0.0	0.0	0.0	0
1185	129.21099853515625	0.0	0.0	0.0	0
1186	129.31900024414062	0.0	0.0	0.0	0
1187	129.427001953125	0.0	0.0	0.0	0
1188	129.53500366210938	0.0	0.0	0.0	0
1190	129.75100708007812	0.0	0.0	0.0	0
1191	129.85899353027344	0.0	0.0	0.0	0
1193	130.0749969482422	0.0	0.0	0.0	0
1194	130.18299865722656	0.0	0.0	0.0	0
1195	130.29100036621094	0.0	0.0	0.0	0
1196	130.3990020751953	0.0	0.0	0.0	0
1197	130.5070037841797	0.0	0.0	0.0	0
1198	130.61500549316406	0.0	0.0	0.0	0
1200	130.83099365234375	0.0	0.0	0.0	0
1201	130.93899536132812	0.0	0.0	0.0	0
1202	131.0469970703125	0.0	0.0	0.0	0
1203	131.15499877929688	0.0	0.0	0.0	0
1204	131.26300048828125	0.0	0.0	0.0	0
1205	131.37100219726562	0.0	0.0	0.0	0
1206	131.47900390625	0.0	0.0	0.0	0
1207	131.58700561523438	0.0	0.0	0.0	0
1208	131.69500732421875	0.0	0.0	0.0	0
1209	131.80299377441406	0.0	0.0	0.0	0
1210	131.91099548339844	0.0	0.0	0.0	0
1211	132.0189971923828	0.0	0.0	0.0	0
1212	132.1269989013672	0.0	0.0	0.0	0
1213	132.23500061035156	0.0	0.0	0.0	0
1216	132.5590057373047	0.0	0.0	0.0	0
1217	132.66700744628906	0.0	0.0	0.0	0
1218	132.77499389648438	0.0	0.0	0.0	0
1219	132.88299560546875	0.0	0.0	0.0	0
1220	132.99099731445312	0.0	0.0	0.0	0
1221	133.0989990234375	0.0	0.0	0.0	0
1222	133.20700073242188	0.0	0.0	0.0	0
1223	133.31500244140625	0.0	0.0	0.0	0
1224	133.42300415039062	0.0	0.0	0.0	0
1225	133.531005859375	0.0	0.0	0.0	0
1226	133.63900756835938	0.0	0.0	0.0	0
1227	133.7469940185547	0.0	0.0	0.0	0
1228	133.85499572753906	0.0	0.0	0.0	0
1229	133.96299743652344	0.0	0.0	0.0	0
1230	134.0709991455078	0.0	0.0	0.0	0
1231	134.1790008544922	0.0	0.0	0.0	0
1232	134.28700256347656	0.0	0.0	0.0	0
1233	134.39500427246094	0.0	0.0	0.0	0
1234	134.5030059814453	0.0	0.0	0.0	0
1235	134.61099243164062	0.0	0.0	0.0	0
1236	134.718994140625	0.0	0.0	0.0	0
1237	134.82699584960938	0.0	0.0	0.0	0
1238	134.93499755859375	0.0	0.0	0.0	0
1239	135.04299926757812	0.0	0.0	0.0	0
1240	135.1510009765625	0.0	0.0	0.0	0
1241	135.25900268554688	0.0	0.0	0.0	0
1242	135.36700439453125	0.0	0.0	0.0	0
1243	135.47500610351562	0.0	0.0	0.0	0
1244	135.58299255371094	0.0	0.0	0.0	0
1245	135.6909942626953	0.0	0.0	0.0	0
1246	135.7989959716797	0.0	0.0	0.0	0
1247	135.90699768066406	0.0	0.0	0.0	0
1248	136.01499938964844	0.0	0.0	0.0	0
1249	136.1230010986328	0.0	0.0	0.0	0
1250	136.2310028076172	0.0	0.0	0.0	0
1251	136.33900451660156	0.0	0.0	0.0	0
1253	136.55499267578125	0.0	0.0	0.0	0
1254	136.66299438476562	0.0	0.0	0.0	0
1255	136.77099609375	0.0	0.0	0.0	0
1256	136.87899780273438	0.0	0.0	0.0	0
1258	137.09500122070312	0.0	0.0	0.0	0
1259	137.2030029296875	0.0	0.0	0.0	0
1260	137.31100463867188	0.0	0.0	0.0	0
1262	137.52699279785156	0.0	0.0	0.0	0
1263	137.63499450683594	0.0	0.0	0.0	0
1264	137.7429962158203	0.0	0.0	0.0	0
1265	137.8509979248047	0.0	0.0	0.0	0
1266	137.95899963378906	0.0	0.0	0.0	0
1267	138.06700134277344	0.0	0.0	0.0	0
1268	138.1750030517578	0.0	0.0	0.0	0
1270	138.39100646972656	0.0	0.0	0.0	0
1271	138.49899291992188	0.0	0.0	0.0	0
1272	138.60699462890625	0.0	0.0	0.0	0
1273	138.71499633789062	0.0	0.0	0.0	0
1274	138.822998046875	0.0	0.0	0.0	0
1275	138.93099975585938	0.0	0.0	0.0	0
1276	139.03900146484375	0.0	0.0	0.0	0
1277	139.14700317382812	0.0	0.0	0.0	0
1278	139.2550048828125	0.0	0.0	0.0	0
1279	139.36300659179688	0.0	0.0	0.0	0
1280	139.4709930419922	0.0	0.0	0.0	0
1281	139.57899475097656	0.0	0.0	0.0	0
1282	139.68699645996094	0.0	0.0	0.0	0
1283	139.7949981689453	0.0	0.0	0.0	0
1284	139.9029998779297	0.0	0.0	0.0	0
1285	140.01100158691406	0.0	0.0	0.0	0
1286	140.11900329589844	0.0	0.0	0.0	0
1287	140.2270050048828	0.0	0.0	0.0	0
1288	140.3350067138672	0.0	0.0	0.0	0
1289	140.4429931640625	0.0	0.0	0.0	0
1290	140.55099487304688	0.0	0.0	0.0	0
1291	140.65899658203125	0.0	0.0	0.0	0
1292	140.76699829101562	0.0	0.0	0.0	0
1293	140.875	0.0	0.0	0.0	0
1294	140.98300170898438	0.0	0.0	0.0	0
1295	141.09100341796875	0.0	0.0	0.0	0
1296	141.19900512695312	0.0	0.0	0.0	0
1297	141.3070068359375	0.0	0.0	0.0	0
1298	141.4149932861328	0.0	0.0	0.0	0
1299	141.5229949951172	0.0	0.0	0.0	0
1300	141.63099670410156	0.0	0.0	0.0	0
1301	141.73899841308594	0.0	0.0	0.0	0
1302	141.8470001220703	0.0	0.0	0.0	0
1303	141.9550018310547	0.0	0.0	0.0	0
1304	142.06300354003906	0.0	0.0	0.0	0
1305	142.17100524902344	0.0	0.0	0.0	0
1306	142.2790069580078	0.0	0.0	0.0	0
1307	142.38699340820312	0.0	0.0	0.0	0
1308	142.4949951171875	0.0	0.0	0.0	0
1309	142.60299682617188	0.0	0.0	0.0	0
1310	142.71099853515625	0.0	0.0	0.0	0
1311	142.81900024414062	0.0	0.0	0.0	0
1312	142.927001953125	0.0	0.0	0.0	0
1313	143.03500366210938	0.0	0.0	0.0	0
1314	143.14300537109375	0.0	0.0	0.0	0
1315	143.25100708007812	0.0	0.0	0.0	0
1316	143.35899353027344	0.0	0.0	0.0	0
1317	143.4669952392578	0.0	0.0	0.0	0
1318	143.5749969482422	0.0	0.0	0.0	0
1319	143.68299865722656	0.0	0.0	0.0	0
1320	143.79100036621094	0.0	0.0	0.0	0
1321	143.8990020751953	0.0	0.0	0.0	0
1322	144.0070037841797	0.0	0.0	0.0	0
1323	144.11500549316406	0.0	0.0	0.0	0
1324	144.22300720214844	0.0	0.0	0.0	0
1325	144.33099365234375	0.0	0.0	0.0	0
1326	144.43899536132812	0.0	0.0	0.0	0
1327	144.5469970703125	0.0	0.0	0.0	0
1328	144.65499877929688	0.0	0.0	0.0	0
1329	144.76300048828125	0.0	0.0	0.0	0
1330	144.87100219726562	0.0	0.0	0.0	0
1331	144.97900390625	0.0	0.0	0.0	0
1332	145.08700561523438	0.0	0.0	0.0	0
1333	145.19500732421875	0.0	0.0	0.0	0
1334	145.30299377441406	0.0	0.0	0.0	0
1335	145.41099548339844	0.0	0.0	0.0	0
1336	145.5189971923828	0.0	0.0	0.0	0
1337	145.6269989013672	0.0	0.0	0.0	0
1338	145.73500061035156	0.0	0.0	0.0	0
1339	145.84300231933594	0.0	0.0	0.0	0
1340	145.9510040283203	0.0	0.0	0.0	0
1341	146.0590057373047	0.0	0.0	0.0	0
1343	146.27499389648438	0.0	0.0	0.0	0
1344	146.38299560546875	0.0	0.0	0.0	0
1345	146.49099731445312	0.0	0.0	0.0	0
1346	146.5989990234375	0.0	0.0	0.0	0
1348	146.81500244140625	0.0	0.0	0.0	0
1350	147.031005859375	0.0	0.0	0.0	0
1351	147.13900756835938	0.0	0.0	0.0	0
1352	147.2469940185547	0.0	0.0	0.0	0
1353	147.35499572753906	0.0	0.0	0.0	0
1354	147.46299743652344	0.0	0.0	0.0	0
1356	147.6790008544922	0.0	0.0	0.0	0
1357	147.78700256347656	0.0	0.0	0.0	0
1358	147.89500427246094	0.0	0.0	0.0	0
1359	148.0030059814453	0.0	0.0	0.0	0
1361	148.218994140625	0.0	0.0	0.0	0
1362	148.32699584960938	0.0	0.0	0.0	0
1363	148.43499755859375	0.0	0.0	0.0	0
1364	148.54299926757812	0.0	0.0	0.0	0
1365	148.6510009765625	0.0	0.0	0.0	0
1366	148.75900268554688	0.0	0.0	0.0	0
1368	148.97500610351562	0.0	0.0	0.0	0
1369	149.08299255371094	0.0	0.0	0.0	0
1370	149.1909942626953	0.0	0.0	0.0	0
1371	149.2989959716797	0.0	0.0	0.0	0
1372	149.40699768066406	0.0	0.0	0.0	0
1373	149.51499938964844	0.0	0.0	0.0	0
1374	149.6230010986328	0.0	0.0	0.0	0
1375	149.7310028076172	0.0	0.0	0.0	0
1376	149.83900451660156	0.0	0.0	0.0	0
1377	149.94700622558594	0.0	0.0	0.0	0
1378	150.05499267578125	0.0	0.0	0.0	0
1380	150.27099609375	0.0	0.0	0.0	0
1381	150.37899780273438	0.0	0.0	0.0	0
1382	150.48699951171875	0.0	0.0	0.0	0
1383	150.59500122070312	0.0	0.0	0.0	0
1384	150.7030029296875	0.0	0.0	0.0	0
1385	150.81100463867188	0.0	0.0	0.0	0
1386	150.91900634765625	0.0	0.0	0.0	0
1387	151.02699279785156	0.0	0.0	0.0	0
1388	151.13499450683594	0.0	0.0	0.0	0
1389	151.2429962158203	0.0	0.0	0.0	0
1390	151.3509979248047	0.0	0.0	0.0	0
1391	151.45899963378906	0.0	0.0	0.0	0
1392	151.56700134277344	0.0	0.0	0.0	0
1393	151.6750030517578	0.0	0.0	0.0	0
1394	151.7830047607422	0.0	0.0	0.0	0
1395	151.89100646972656	0.0	0.0	0.0	0
1396	151.99899291992188	0.0	0.0	0.0	0
1397	152.10699462890625	0.0	0.0	0.0	0
1398	152.21499633789062	0.0	0.0	0.0	0
1400	152.43099975585938	0.0	0.0	0.0	0
1401	152.53900146484375	0.0	0.0	0.0	0
1402	152.64700317382812	0.0	0.0	0.0	0
1403	152.7550048828125	0.0	0.0	0.0	0
1404	152.86300659179688	0.0	0.0	0.0	0
1406	153.07899475097656	0.0	0.0	0.0	0
1407	153.18699645996094	0.0	0.0	0.0	0
1408	153.2949981689453	0.0	0.0	0.0	0
1409	153.4029998779297	0.0	0.0	0.0	0
1410	153.51100158691406	0.0	0.0	0.0	0
1411	153.61900329589844	0.0	0.0	0.0	0
1412	153.7270050048828	0.0	0.0	0.0	0
1413	153.8350067138672	0.0	0.0	0.0	0
1414	153.9429931640625	0.0	0.0	0.0	0
1415	154.05099487304688	0.0	0.0	0.0	0
1416	154.15899658203125	0.0	0.0	0.0	0
1417	154.26699829101562	0.0	0.0	0.0	0
1418	154.375	0.0	0.0	0.0	0
1419	154.48300170898438	0.0	0.0	0.0	0
1420	154.59100341796875	0.0	0.0	0.0	0
1421	154.69900512695312	0.0	0.0	0.0	0
1422	154.8070068359375	0.0	0.0	0.0	0
1423	154.9149932861328	0.0	0.0	0.0	0
1424	155.0229949951172	0.0	0.0	0.0	0
1425	155.13099670410156	0.0	0.0	0.0	0
1426	155.23899841308594	0.0	0.0	0.0	0
1427	155.3470001220703	0.0	0.0	0.0	0
1428	155.4550018310547	0.0	0.0	0.0	0
1430	155.67100524902344	0.0	0.0	0.0	0
1431	155.7790069580078	0.0	0.0	0.0	0
1432	155.88699340820312	0.0	0.0	0.0	0
1433	155.9949951171875	0.0	0.0	0.0	0
1434	156.10299682617188	0.0	0.0	0.0	0
1435	156.21099853515625	0.0	0.0	0.0	0
1436	156.31900024414062	0.0	0.0	0.0	0
1438	156.53500366210938	0.0	0.0	0.0	0
1439	156.64300537109375	0.0	0.0	0.0	0
1440	156.75100708007812	0.0	0.0	0.0	0
1441	156.85899353027344	0.0	0.0	0.0	0
1442	156.9669952392578	0.0	0.0	0.0	0
1443	157.0749969482422	0.0	0.0	0.0	0
1445	157.29100036621094	0.0	0.0	0.0	0
1447	157.5070037841797	0.0	0.0	0.0	0
1448	157.61500549316406	0.0	0.0	0.0	0
1449	157.72300720214844	0.0	0.0	0.0	0
1450	157.83099365234375	0.0	0.0	0.0	0
1451	157.93899536132812	0.0	0.0	0.0	0
1452	158.0469970703125	0.0	0.0	0.0	0
1453	158.15499877929688	0.0	0.0	0.0	0
1454	158.26300048828125	0.0	0.0	0.0	0
1455	158.37100219726562	0.0	0.0	0.0	0
1456	158.47900390625	0.0	0.0	0.0	0
1457	158.58700561523438	0.0	0.0	0.0	0
1458	158.69500732421875	0.0	0.0	0.0	0
1459	158.80299377441406	0.0	0.0	0.0	0
1460	158.91099548339844	0.0	0.0	0.0	0
1461	159.0189971923828	0.0	0.0	0.0	0
1462	159.1269989013672	0.0	0.0	0.0	0
1463	159.23500061035156	0.0	0.0	0.0	0
1465	159.4510040283203	0.0	0.0	0.0	0
1466	159.5590057373047	0.0	0.0	0.0	0
1467	159.66700744628906	0.0	0.0	0.0	0
1469	159.88299560546875	0.0	0.0	0.0	0
1470	159.99099731445312	0.0	0.0	0.0	0
1471	160.0989990234375	0.0	0.0	0.0	0
1472	160.20700073242188	0.0	0.0	0.0	0
1473	160.31500244140625	0.0	0.0	0.0	0
1475	160.531005859375	0.0	0.0	0.0	0
1476	160.63900756835938	0.0	0.0	0.0	0
1477	160.7469940185547	0.0	0.0	0.0	0
1478	160.85499572753906	0.0	0.0	0.0	0
1479	160.96299743652344	0.0	0.0	0.0	0
1480	161.0709991455078	0.0	0.0	0.0	0
1484	161.5030059814453	0.0	0.0	0.0	0
1485	161.61099243164062	0.0	0.0	0.0	0
1486	161.718994140625	0.0	0.0	0.0	0
1487	161.82699584960938	0.0	0.0	0.0	0
1488	161.93499755859375	0.0	0.0	0.0	0
1489	162.04299926757812	0.0	0.0	0.0	0
1490	162.1510009765625	0.0	0.0	0.0	0
1491	162.25900268554688	0.0	0.0	0.0	0
1494	162.58299255371094	0.0	0.0	0.0	0
1495	162.6909942626953	0.0	0.0	0.0	0
1496	162.7989959716797	0.0	0.0	0.0	0
1497	162.90699768066406	0.0	0.0	0.0	0
1498	163.01499938964844	0.0	0.0	0.0	0
1500	163.2310028076172	0.0	0.0	0.0	0
1501	163.33900451660156	0.0	0.0	0.0	0
1504	163.66299438476562	0.0	0.0	0.0	0
1505	163.77099609375	0.0	0.0	0.0	0
1506	163.87899780273438	0.0	0.0	0.0	0
1507	163.98699951171875	0.0	0.0	0.0	0
1508	164.09500122070312	0.0	0.0	0.0	0
1509	164.2030029296875	0.0	0.0	0.0	0
1510	164.31100463867188	0.0	0.0	0.0	0
1511	164.41900634765625	0.0	0.0	0.0	0
1512	164.52699279785156	0.0	0.0	0.0	0
1513	164.63499450683594	0.0	0.0	0.0	0
1514	164.7429962158203	0.0	0.0	0.0	0
1515	164.8509979248047	0.0	0.0	0.0	0
1516	164.95899963378906	0.0	0.0	0.0	0
1517	165.06700134277344	0.0	0.0	0.0	0
1518	165.1750030517578	0.0	0.0	0.0	0
1519	165.2830047607422	0.0	0.0	0.0	0
1520	165.39100646972656	0.0	0.0	0.0	0
1521	165.49899291992188	0.0	0.0	0.0	0
1522	165.60699462890625	0.0	0.0	0.0	0
1523	165.71499633789062	0.0	0.0	0.0	0
1524	165.822998046875	0.0	0.0	0.0	0
1525	165.93099975585938	0.0	0.0	0.0	0
1526	166.03900146484375	0.0	0.0	0.0	0
1527	166.14700317382812	0.0	0.0	0.0	0
1528	166.2550048828125	0.0	0.0	0.0	0
1529	166.36300659179688	0.0	0.0	0.0	0
1531	166.57899475097656	0.0	0.0	0.0	0
1532	166.68699645996094	0.0	0.0	0.0	0
1533	166.7949981689453	0.0	0.0	0.0	0
1534	166.9029998779297	0.0	0.0	0.0	0
1535	167.01100158691406	0.0	0.0	0.0	0
1536	167.11900329589844	0.0	0.0	0.0	0
1537	167.2270050048828	0.0	0.0	0.0	0
1538	167.3350067138672	0.0	0.0	0.0	0
1539	167.4429931640625	0.0	0.0	0.0	0
1540	167.55099487304688	0.0	0.0	0.0	0
1541	167.65899658203125	0.0	0.0	0.0	0
1542	167.76699829101562	0.0	0.0	0.0	0
1543	167.875	0.0	0.0	0.0	0
1544	167.98300170898438	0.0	0.0	0.0	0
1545	168.09100341796875	0.0	0.0	0.0	0
1546	168.19900512695312	0.0	0.0	0.0	0
1547	168.3070068359375	0.0	0.0	0.0	0
1548	168.4149932861328	0.0	0.0	0.0	0
1549	168.5229949951172	0.0	0.0	0.0	0
1551	168.73899841308594	0.0	0.0	0.0	0
1552	168.8470001220703	0.0	0.0	0.0	0
1553	168.9550018310547	0.0	0.0	0.0	0
1554	169.06300354003906	0.0	0.0	0.0	0
1555	169.17100524902344	0.0	0.0	0.0	0
1556	169.2790069580078	0.0	0.0	0.0	0
1557	169.38699340820312	0.0	0.0	0.0	0
1558	169.4949951171875	0.0	0.0	0.0	0
1562	169.927001953125	0.0	0.0	0.0	0
1563	170.03500366210938	0.0	0.0	0.0	0
1564	170.14300537109375	0.0	0.0	0.0	0
1565	170.25100708007812	0.0	0.0	0.0	0
1566	170.35899353027344	0.0	0.0	0.0	0
1567	170.4669952392578	0.0	0.0	0.0	0
1568	170.5749969482422	0.0	0.0	0.0	0
1569	170.68299865722656	0.0	0.0	0.0	0
1570	170.79100036621094	0.0	0.0	0.0	0
1571	170.8990020751953	0.0	0.0	0.0	0
1572	171.0070037841797	0.0	0.0	0.0	0
1573	171.11500549316406	0.0	0.0	0.0	0
1574	171.22300720214844	0.0	0.0	0.0	0
1575	171.33099365234375	0.0	0.0	0.0	0
1576	171.43899536132812	0.0	0.0	0.0	0
1577	171.5469970703125	0.0	0.0	0.0	0
1578	171.65499877929688	0.0	0.0	0.0	0
1579	171.76300048828125	0.0	0.0	0.0	0
1580	171.87100219726562	0.0	0.0	0.0	0
1581	171.97900390625	0.0	0.0	0.0	0
1582	172.08700561523438	0.0	0.0	0.0	0
1583	172.19500732421875	0.0	0.0	0.0	0
1584	172.30299377441406	0.0	0.0	0.0	0
1585	172.41099548339844	0.0	0.0	0.0	0
1586	172.5189971923828	0.0	0.0	0.0	0
1587	172.6269989013672	0.0	0.0	0.0	0
1588	172.73500061035156	0.0	0.0	0.0	0
1589	172.84300231933594	0.0	0.0	0.0	0
1590	172.9510040283203	0.0	0.0	0.0	0
1591	173.0590057373047	0.0	0.0	0.0	0
1592	173.16700744628906	0.0	0.0	0.0	0
1593	173.27499389648438	0.0	0.0	0.0	0
1594	173.38299560546875	0.0	0.0	0.0	0
1595	173.49099731445312	0.0	0.0	0.0	0
1596	173.5989990234375	0.0	0.0	0.0	0
1597	173.70700073242188	0.0	0.0	0.0	0
1598	173.81500244140625	0.0	0.0	0.0	0
1599	173.92300415039062	0.0	0.0	0.0	0
1600	174.031005859375	0.0	0.0	0.0	0
1601	174.13900756835938	0.0	0.0	0.0	0
1602	174.2469940185547	0.0	0.0	0.0	0
1603	174.35499572753906	0.0	0.0	0.0	0
1604	174.46299743652344	0.0	0.0	0.0	0
1605	174.5709991455078	0.0	0.0	0.0	0
1606	174.6790008544922	0.0	0.0	0.0	0
1607	174.78700256347656	0.0	0.0	0.0	0
1608	174.89500427246094	0.0	0.0	0.0	0
1610	175.11099243164062	0.0	0.0	0.0	0
1611	175.218994140625	0.0	0.0	0.0	0
1612	175.32699584960938	0.0	0.0	0.0	0
1613	175.43499755859375	0.0	0.0	0.0	0
1614	175.54299926757812	0.0	0.0	0.0	0
1615	175.6510009765625	0.0	0.0	0.0	0
1616	175.75900268554688	0.0	0.0	0.0	0
1617	175.86700439453125	0.0	0.0	0.0	0
1618	175.97500610351562	0.0	0.0	0.0	0
1619	176.08299255371094	0.0	0.0	0.0	0
1620	176.1909942626953	0.0	0.0	0.0	0
1621	176.2989959716797	0.0	0.0	0.0	0
1622	176.40699768066406	0.0	0.0	0.0	0
1623	176.51499938964844	0.0	0.0	0.0	0
1624	176.6230010986328	0.0	0.0	0.0	0
1625	176.7310028076172	0.0	0.0	0.0	0
1626	176.83900451660156	0.0	0.0	0.0	0
1627	176.94700622558594	0.0	0.0	0.0	0
1628	177.05499267578125	0.0	0.0	0.0	0
1629	177.16299438476562	0.0	0.0	0.0	0
1630	177.27099609375	0.0	0.0	0.0	0
1631	177.37899780273438	0.0	0.0	0.0	0
1632	177.48699951171875	0.0	0.0	0.0	0
1633	177.59500122070312	0.0	0.0	0.0	0
1634	177.7030029296875	0.0	0.0	0.0	0
1635	177.81100463867188	0.0	0.0	0.0	0
1636	177.91900634765625	0.0	0.0	0.0	0
1637	178.02699279785156	0.0	0.0	0.0	0
1638	178.13499450683594	0.0	0.0	0.0	0
1639	178.2429962158203	0.0	0.0	0.0	0
1640	178.3509979248047	0.0	0.0	0.0	0
1641	178.45899963378906	0.0	0.0	0.0	0
1642	178.56700134277344	0.0	0.0	0.0	0
1643	178.6750030517578	0.0	0.0	0.0	0
1644	178.7830047607422	0.0	0.0	0.0	0
1645	178.89100646972656	0.0	0.0	0.0	0
1646	178.99899291992188	0.0	0.0	0.0	0
1647	179.10699462890625	0.0	0.0	0.0	0
1648	179.21499633789062	0.0	0.0	0.0	0
1649	179.322998046875	0.0	0.0	0.0	0
1650	179.43099975585938	0.0	0.0	0.0	0
1651	179.53900146484375	0.0	0.0	0.0	0
1652	179.64700317382812	0.0	0.0	0.0	0
1653	179.7550048828125	0.0	0.0	0.0	0
1654	179.86300659179688	0.0	0.0	0.0	0
1655	179.9709930419922	0.0	0.0	0.0	0
1656	180.07899475097656	0.0	0.0	0.0	0
1658	180.2949981689453	0.0	0.0	0.0	0
1659	180.4029998779297	0.0	0.0	0.0	0
1660	180.51100158691406	0.0	0.0	0.0	0
1661	180.61900329589844	0.0	0.0	0.0	0
1662	180.7270050048828	0.0	0.0	0.0	0
1663	180.8350067138672	0.0	0.0	0.0	0
1664	180.9429931640625	0.0	0.0	0.0	0
1665	181.05099487304688	0.0	0.0	0.0	0
1666	181.15899658203125	0.0	0.0	0.0	0
1667	181.26699829101562	0.0	0.0	0.0	0
1669	181.48300170898438	0.0	0.0	0.0	0
1670	181.59100341796875	0.0	0.0	0.0	0
1671	181.69900512695312	0.0	0.0	0.0	0
1672	181.8070068359375	0.0	0.0	0.0	0
1673	181.9149932861328	0.0	0.0	0.0	0
1674	182.0229949951172	0.0	0.0	0.0	0
1675	182.13099670410156	0.0	0.0	0.0	0
1676	182.23899841308594	0.0	0.0	0.0	0
1677	182.3470001220703	0.0	0.0	0.0	0
1678	182.4550018310547	0.0	0.0	0.0	0
1679	182.56300354003906	0.0	0.0	0.0	0
1680	182.67100524902344	0.0	0.0	0.0	0
1681	182.7790069580078	0.0	0.0	0.0	0
1682	182.88699340820312	0.0	0.0	0.0	0
1683	182.9949951171875	0.0	0.0	0.0	0
1684	183.10299682617188	0.0	0.0	0.0	0
1685	183.21099853515625	0.0	0.0	0.0	0
1686	183.31900024414062	0.0	0.0	0.0	0
1687	183.427001953125	0.0	0.0	0.0	0
1688	183.53500366210938	0.0	0.0	0.0	0
1689	183.64300537109375	0.0	0.0	0.0	0
1690	183.75100708007812	0.0	0.0	0.0	0
1691	183.85899353027344	0.0	0.0	0.0	0
1692	183.9669952392578	0.0	0.0	0.0	0
1693	184.0749969482422	0.0	0.0	0.0	0
1694	184.18299865722656	0.0	0.0	0.0	0
1695	184.29100036621094	0.0	0.0	0.0	0
1696	184.3990020751953	0.0	0.0	0.0	0
1697	184.5070037841797	0.0	0.0	0.0	0
1698	184.61500549316406	0.0	0.0	0.0	0
1699	184.72300720214844	0.0	0.0	0.0	0
1700	184.83099365234375	0.0	0.0	0.0	0
1701	184.93899536132812	0.0	0.0	0.0	0
1702	185.0469970703125	0.0	0.0	0.0	0
1703	185.15499877929688	0.0	0.0	0.0	0
1704	185.26300048828125	0.0	0.0	0.0	0
1705	185.37100219726562	0.0	0.0	0.0	0
1706	185.47900390625	0.0	0.0	0.0	0
1707	185.58700561523438	0.0	0.0	0.0	0
1708	185.69500732421875	0.0	0.0	0.0	0
1709	185.80299377441406	0.0	0.0	0.0	0
1710	185.91099548339844	0.0	0.0	0.0	0
1711	186.0189971923828	0.0	0.0	0.0	0
1712	186.1269989013672	0.0	0.0	0.0	0
1714	186.34300231933594	0.0	0.0	0.0	0
1715	186.4510040283203	0.0	0.0	0.0	0
1717	186.66700744628906	0.0	0.0	0.0	0
1718	186.77499389648438	0.0	0.0	0.0	0
1719	186.88299560546875	0.0	0.0	0.0	0
1720	186.99099731445312	0.0	0.0	0.0	0
1721	187.0989990234375	0.0	0.0	0.0	0
1722	187.20700073242188	0.0	0.0	0.0	0
1723	187.31500244140625	0.0	0.0	0.0	0
1724	187.42300415039062	0.0	0.0	0.0	0
1725	187.531005859375	0.0	0.0	0.0	0
1726	187.63900756835938	0.0	0.0	0.0	0
1727	187.7469940185547	0.0	0.0	0.0	0
1728	187.85499572753906	0.0	0.0	0.0	0
1729	187.96299743652344	0.0	0.0	0.0	0
1731	188.1790008544922	0.0	0.0	0.0	0
1732	188.28700256347656	0.0	0.0	0.0	0
1733	188.39500427246094	0.0	0.0	0.0	0
1734	188.5030059814453	0.0	0.0	0.0	0
1735	188.61099243164062	0.0	0.0	0.0	0
1736	188.718994140625	0.0	0.0	0.0	0
1737	188.82699584960938	0.0	0.0	0.0	0
1738	188.93499755859375	0.0	0.0	0.0	0
1739	189.04299926757812	0.0	0.0	0.0	0
1740	189.1510009765625	0.0	0.0	0.0	0
1742	189.36700439453125	0.0	0.0	0.0	0
1744	189.58299255371094	0.0	0.0	0.0	0
1745	189.6909942626953	0.0	0.0	0.0	0
1746	189.7989959716797	0.0	0.0	0.0	0
1747	189.90699768066406	0.0	0.0	0.0	0
1748	190.01499938964844	0.0	0.0	0.0	0
1749	190.1230010986328	0.0	0.0	0.0	0
1750	190.2310028076172	0.0	0.0	0.0	0
1751	190.33900451660156	0.0	0.0	0.0	0
1752	190.44700622558594	0.0	0.0	0.0	0
1753	190.55499267578125	0.0	0.0	0.0	0
1754	190.66299438476562	0.0	0.0	0.0	0
1755	190.77099609375	0.0	0.0	0.0	0
1756	190.87899780273438	0.0	0.0	0.0	0
1757	190.98699951171875	0.0	0.0	0.0	0
1758	191.09500122070312	0.0	0.0	0.0	0
1759	191.2030029296875	0.0	0.0	0.0	0
1760	191.31100463867188	0.0	0.0	0.0	0
1761	191.41900634765625	0.0	0.0	0.0	0
1762	191.52699279785156	0.0	0.0	0.0	0
1763	191.63499450683594	0.0	0.0	0.0	0
1764	191.7429962158203	0.0	0.0	0.0	0
1765	191.8509979248047	0.0	0.0	0.0	0
1766	191.95899963378906	0.0	0.0	0.0	0
1767	192.06700134277344	0.0	0.0	0.0	0
1768	192.1750030517578	0.0	0.0	0.0	0
1769	192.2830047607422	0.0	0.0	0.0	0
1770	192.39100646972656	0.0	0.0	0.0	0
1773	192.71499633789062	0.0	0.0	0.0	0
1774	192.822998046875	0.0	0.0	0.0	0
1775	192.93099975585938	0.0	0.0	0.0	0
1776	193.03900146484375	0.0	0.0	0.0	0
1777	193.14700317382812	0.0	0.0	0.0	0
1778	193.2550048828125	0.0	0.0	0.0	0
1779	193.36300659179688	0.0	0.0	0.0	0
1780	193.4709930419922	0.0	0.0	0.0	0
1781	193.57899475097656	0.0	0.0	0.0	0
1782	193.68699645996094	0.0	0.0	0.0	0
1783	193.7949981689453	0.0	0.0	0.0	0
1784	193.9029998779297	0.0	0.0	0.0	0
1785	194.01100158691406	0.0	0.0	0.0	0
1786	194.11900329589844	0.0	0.0	0.0	0
1787	194.2270050048828	0.0	0.0	0.0	0
1788	194.3350067138672	0.0	0.0	0.0	0
1789	194.4429931640625	0.0	0.0	0.0	0
1790	194.55099487304688	0.0	0.0	0.0	0
1791	194.65899658203125	0.0	0.0	0.0	0
1792	194.76699829101562	0.0	0.0	0.0	0
1793	194.875	0.0	0.0	0.0	0
1794	194.98300170898438	0.0	0.0	0.0	0
1795	195.09100341796875	0.0	0.0	0.0	0
1796	195.19900512695312	0.0	0.0	0.0	0
1797	195.3070068359375	0.0	0.0	0.0	0
1798	195.4149932861328	0.0	0.0	0.0	0
1799	195.5229949951172	0.0	0.0	0.0	0
1800	195.63099670410156	0.0	0.0	0.0	0
1801	195.73899841308594	0.0	0.0	0.0	0
1803	195.9550018310547	0.0	0.0	0.0	0
1804	196.06300354003906	0.0	0.0	0.0	0
1805	196.17100524902344	0.0	0.0	0.0	0
1806	196.2790069580078	0.0	0.0	0.0	0
1807	196.38699340820312	0.0	0.0	0.0	0
1808	196.4949951171875	0.0	0.0	0.0	0
1809	196.60299682617188	0.0	0.0	0.0	0
1810	196.71099853515625	0.0	0.0	0.0	0
1811	196.81900024414062	0.0	0.0	0.0	0
1812	196.927001953125	0.0	0.0	0.0	0
1813	197.03500366210938	0.0	0.0	0.0	0
1814	197.14300537109375	0.0	0.0	0.0	0
1815	197.25100708007812	0.0	0.0	0.0	0
1816	197.35899353027344	0.0	0.0	0.0	0
1817	197.4669952392578	0.0	0.0	0.0	0
1818	197.5749969482422	0.0	0.0	0.0	0
1819	197.68299865722656	0.0	0.0	0.0	0
1820	197.79100036621094	0.0	0.0	0.0	0
1821	197.8990020751953	0.0	0.0	0.0	0
1822	198.0070037841797	0.0	0.0	0.0	0
1823	198.11500549316406	0.0	0.0	0.0	0
1824	198.22300720214844	0.0	0.0	0.0	0
1825	198.33099365234375	0.0	0.0	0.0	0
1826	198.43899536132812	0.0	0.0	0.0	0
1827	198.5469970703125	0.0	0.0	0.0	0
1828	198.65499877929688	0.0	0.0	0.0	0
1829	198.76300048828125	0.0	0.0	0.0	0
1830	198.87100219726562	0.0	0.0	0.0	0
1831	198.97900390625	0.0	0.0	0.0	0
1832	199.08700561523438	0.0	0.0	0.0	0
1833	199.19500732421875	0.0	0.0	0.0	0
1834	199.30299377441406	0.0	0.0	0.0	0
1835	199.41099548339844	0.0	0.0	0.0	0
1836	199.5189971923828	0.0	0.0	0.0	0
1837	199.6269989013672	0.0	0.0	0.0	0
1838	199.73500061035156	0.0	0.0	0.0	0
1839	199.84300231933594	0.0	0.0	0.0	0
1840	199.9510040283203	0.0	0.0	0.0	0
1841	200.0590057373047	0.0	0.0	0.0	0
1842	200.16700744628906	0.0	0.0	0.0	0
1844	200.38299560546875	0.0	0.0	0.0	0
1845	200.49099731445312	0.0	0.0	0.0	0
1846	200.5989990234375	0.0	0.0	0.0	0
1847	200.70700073242188	0.0	0.0	0.0	0
1849	200.92300415039062	0.0	0.0	0.0	0
1850	201.031005859375	0.0	0.0	0.0	0
1851	201.13900756835938	0.0	0.0	0.0	0
1852	201.2469940185547	0.0	0.0	0.0	0
1853	201.35499572753906	0.0	0.0	0.0	0
1854	201.46299743652344	0.0	0.0	0.0	0
1855	201.5709991455078	0.0	0.0	0.0	0
1856	201.6790008544922	0.0	0.0	0.0	0
1857	201.78700256347656	0.0	0.0	0.0	0
1858	201.89500427246094	0.0	0.0	0.0	0
1860	202.11099243164062	0.0	0.0	0.0	0
1861	202.218994140625	0.0	0.0	0.0	0
1862	202.32699584960938	0.0	0.0	0.0	0
1863	202.43499755859375	0.0	0.0	0.0	0
1864	202.54299926757812	0.0	0.0	0.0	0
1865	202.6510009765625	0.0	0.0	0.0	0
1866	202.75900268554688	0.0	0.0	0.0	0
1867	202.86700439453125	0.0	0.0	0.0	0
1868	202.97500610351562	0.0	0.0	0.0	0
1869	203.08299255371094	0.0	0.0	0.0	0
1870	203.1909942626953	0.0	0.0	0.0	0
1871	203.2989959716797	0.0	0.0	0.0	0
1872	203.40699768066406	0.0	0.0	0.0	0
1873	203.51499938964844	0.0	0.0	0.0	0
1874	203.6230010986328	0.0	0.0	0.0	0
1875	203.7310028076172	0.0	0.0	0.0	0
1876	203.83900451660156	0.0	0.0	0.0	0
1877	203.94700622558594	0.0	0.0	0.0	0
1879	204.16299438476562	0.0	0.0	0.0	0
1880	204.27099609375	0.0	0.0	0.0	0
1881	204.37899780273438	0.0	0.0	0.0	0
1883	204.59500122070312	0.0	0.0	0.0	0
1885	204.81100463867188	0.0	0.0	0.0	0
1888	205.13499450683594	0.0	0.0	0.0	0
1890	205.3509979248047	0.0	0.0	0.0	0
1891	205.45899963378906	0.0	0.0	0.0	0
1892	205.56700134277344	0.0	0.0	0.0	0
1893	205.6750030517578	0.0	0.0	0.0	0
1895	205.89100646972656	0.0	0.0	0.0	0
1896	205.99899291992188	0.0	0.0	0.0	0
1897	206.10699462890625	0.0	0.0	0.0	0
1898	206.21499633789062	0.0	0.0	0.0	0
1899	206.322998046875	0.0	0.0	0.0	0
1900	206.43099975585938	0.0	0.0	0.0	0
1901	206.53900146484375	0.0	0.0	0.0	0
1902	206.64700317382812	0.0	0.0	0.0	0
1903	206.7550048828125	0.0	0.0	0.0	0
1904	206.86300659179688	0.0	0.0	0.0	0
1905	206.9709930419922	0.0	0.0	0.0	0
1906	207.07899475097656	0.0	0.0	0.0	0
1907	207.18699645996094	0.0	0.0	0.0	0
1908	207.2949981689453	0.0	0.0	0.0	0
1909	207.4029998779297	0.0	0.0	0.0	0
1910	207.51100158691406	0.0	0.0	0.0	0
1911	207.61900329589844	0.0	0.0	0.0	0
1912	207.7270050048828	0.0	0.0	0.0	0
1913	207.8350067138672	0.0	0.0	0.0	0
1914	207.9429931640625	0.0	0.0	0.0	0
1915	208.05099487304688	0.0	0.0	0.0	0
1916	208.15899658203125	0.0	0.0	0.0	0
1917	208.26699829101562	0.0	0.0	0.0	0
1918	208.375	0.0	0.0	0.0	0
1919	208.48300170898438	0.0	0.0	0.0	0
1920	208.59100341796875	0.0	0.0	0.0	0
1921	208.69900512695312	0.0	0.0	0.0	0
1922	208.8070068359375	0.0	0.0	0.0	0
1923	208.9149932861328	0.0	0.0	0.0	0
1924	209.0229949951172	0.0	0.0	0.0	0
1925	209.13099670410156	0.0	0.0	0.0	0
1926	209.23899841308594	0.0	0.0	0.0	0
1927	209.3470001220703	0.0	0.0	0.0	0
1928	209.4550018310547	0.0	0.0	0.0	0
1929	209.56300354003906	0.0	0.0	0.0	0
1930	209.67100524902344	0.0	0.0	0.0	0
1931	209.7790069580078	0.0	0.0	0.0	0
1932	209.88699340820312	0.0	0.0	0.0	0
1933	209.9949951171875	0.0	0.0	0.0	0
1934	210.10299682617188	0.0	0.0	0.0	0
1935	210.21099853515625	0.0	0.0	0.0	0
1936	210.31900024414062	0.0	0.0	0.0	0
1937	210.427001953125	0.0	0.0	0.0	0
1938	210.53500366210938	0.0	0.0	0.0	0
1939	210.64300537109375	0.0	0.0	0.0	0
1940	210.75100708007812	0.0	0.0	0.0	0
1941	210.85899353027344	0.0	0.0	0.0	0
1942	210.9669952392578	0.0	0.0	0.0	0
1943	211.0749969482422	0.0	0.0	0.0	0
1944	211.18299865722656	0.0	0.0	0.0	0
1945	211.29100036621094	0.0	0.0	0.0	0
1946	211.3990020751953	0.0	0.0	0.0	0
1947	211.5070037841797	0.0	0.0	0.0	0
1948	211.61500549316406	0.0	0.0	0.0	0
1949	211.72300720214844	0.0	0.0	0.0	0
1950	211.83099365234375	0.0	0.0	0.0	0
1951	211.93899536132812	0.0	0.0	0.0	0
1952	212.0469970703125	0.0	0.0	0.0	0
1953	212.15499877929688	0.0	0.0	0.0	0
1954	212.26300048828125	0.0	0.0	0.0	0
1955	212.37100219726562	0.0	0.0	0.0	0
1956	212.47900390625	0.0	0.0	0.0	0
1957	212.58700561523438	0.0	0.0	0.0	0
1958	212.69500732421875	0.0	0.0	0.0	0
1959	212.80299377441406	0.0	0.0	0.0	0
1960	212.91099548339844	0.0	0.0	0.0	0
1961	213.0189971923828	0.0	0.0	0.0	0
1962	213.1269989013672	0.0	0.0	0.0	0
1963	213.23500061035156	0.0	0.0	0.0	0
1964	213.34300231933594	0.0	0.0	0.0	0
1965	213.4510040283203	0.0	0.0	0.0	0
1966	213.5590057373047	0.0	0.0	0.0	0
1967	213.66700744628906	0.0	0.0	0.0	0
1968	213.77499389648438	0.0	0.0	0.0	0
1969	213.88299560546875	0.0	0.0	0.0	0
1970	213.99099731445312	0.0	0.0	0.0	0
1971	214.0989990234375	0.0	0.0	0.0	0
1973	214.31500244140625	0.0	0.0	0.0	0
1974	214.42300415039062	0.0	0.0	0.0	0
1975	214.531005859375	0.0	0.0	0.0	0
1976	214.63900756835938	0.0	0.0	0.0	0
1977	214.7469940185547	0.0	0.0	0.0	0
1978	214.85499572753906	0.0	0.0	0.0	0
1979	214.96299743652344	0.0	0.0	0.0	0
1980	215.0709991455078	0.0	0.0	0.0	0
1981	215.1790008544922	0.0	0.0	0.0	0
1982	215.28700256347656	0.0	0.0	0.0	0
1983	215.39500427246094	0.0	0.0	0.0	0
1984	215.5030059814453	0.0	0.0	0.0	0
1985	215.61099243164062	0.0	0.0	0.0	0
1986	215.718994140625	0.0	0.0	0.0	0
1987	215.82699584960938	0.0	0.0	0.0	0
1989	216.04299926757812	0.0	0.0	0.0	0
1990	216.1510009765625	0.0	0.0	0.0	0
1991	216.25900268554688	0.0	0.0	0.0	0
1992	216.36700439453125	0.0	0.0	0.0	0
1993	216.47500610351562	0.0	0.0	0.0	0
1994	216.58299255371094	0.0	0.0	0.0	0
1995	216.6909942626953	0.0	0.0	0.0	0
1996	216.7989959716797	0.0	0.0	0.0	0
1997	216.90699768066406	0.0	0.0	0.0	0
1998	217.01499938964844	0.0	0.0	0.0	0
1999	217.1230010986328	0.0	0.0	0.0	0
2000	217.2310028076172	0.0	0.0	0.0	0
2001	217.33900451660156	0.0	0.0	0.0	0
2002	217.44700622558594	0.0	0.0	0.0	0
2003	217.55499267578125	0.0	0.0	0.0	0
2004	217.66299438476562	0.0	0.0	0.0	0
2005	217.77099609375	0.0	0.0	0.0	0
2006	217.87899780273438	0.0	0.0	0.0	0
2007	217.98699951171875	0.0	0.0	0.0	0
2008	218.09500122070312	0.0	0.0	0.0	0
2009	218.2030029296875	0.0	0.0	0.0	0
2010	218.31100463867188	0.0	0.0	0.0	0
2011	218.41900634765625	0.0	0.0	0.0	0
2012	218.52699279785156	0.0	0.0	0.0	0
2013	218.63499450683594	0.0	0.0	0.0	0
2014	218.7429962158203	0.0	0.0	0.0	0
2015	218.8509979248047	0.0	0.0	0.0	0
2016	218.95899963378906	0.0	0.0	0.0	0
2017	219.06700134277344	0.0	0.0	0.0	0
2018	219.1750030517578	0.0	0.0	0.0	0
2019	219.2830047607422	0.0	0.0	0.0	0
2020	219.39100646972656	0.0	0.0	0.0	0
2021	219.49899291992188	0.0	0.0	0.0	0
2022	219.60699462890625	0.0	0.0	0.0	0
2023	219.71499633789062	0.0	0.0	0.0	0
2024	219.822998046875	0.0	0.0	0.0	0
2025	219.93099975585938	0.0	0.0	0.0	0
2026	220.03900146484375	0.0	0.0	0.0	0
2027	220.14700317382812	0.0	0.0	0.0	0
2028	220.2550048828125	0.0	0.0	0.0	0
2029	220.36300659179688	0.0	0.0	0.0	0
2030	220.4709930419922	0.0	0.0	0.0	0
2031	220.57899475097656	0.0	0.0	0.0	0
2032	220.68699645996094	0.0	0.0	0.0	0
2033	220.7949981689453	0.0	0.0	0.0	0
2034	220.9029998779297	0.0	0.0	0.0	0
2035	221.01100158691406	0.0	0.0	0.0	0
2036	221.11900329589844	0.0	0.0	0.0	0
2037	221.2270050048828	0.0	0.0	0.0	0
2038	221.3350067138672	0.0	0.0	0.0	0
2039	221.4429931640625	0.0	0.0	0.0	0
2040	221.55099487304688	0.0	0.0	0.0	0
2041	221.65899658203125	0.0	0.0	0.0	0
2042	221.76699829101562	0.0	0.0	0.0	0
2043	221.875	0.0	0.0	0.0	0
2044	221.98300170898438	0.0	0.0	0.0	0
2045	222.09100341796875	0.0	0.0	0.0	0
2046	222.19900512695312	0.0	0.0	0.0	0
2048	222.4149932861328	0.0	0.0	0.0	0
2049	222.5229949951172	0.0	0.0	0.0	0
2050	222.63099670410156	0.0	0.0	0.0	0
2051	222.73899841308594	0.0	0.0	0.0	0
2052	222.8470001220703	0.0	0.0	0.0	0
2053	222.9550018310547	0.0	0.0	0.0	0
2054	223.06300354003906	0.0	0.0	0.0	0
2055	223.17100524902344	0.0	0.0	0.0	0
2056	223.2790069580078	0.0	0.0	0.0	0
2057	223.38699340820312	0.0	0.0	0.0	0
2058	223.4949951171875	0.0	0.0	0.0	0
2059	223.60299682617188	0.0	0.0	0.0	0
2060	223.71099853515625	0.0	0.0	0.0	0
2061	223.81900024414062	0.0	0.0	0.0	0
2062	223.927001953125	0.0	0.0	0.0	0
2063	224.03500366210938	0.0	0.0	0.0	0
2064	224.14300537109375	0.0	0.0	0.0	0
2065	224.25100708007812	0.0	0.0	0.0	0
2066	224.35899353027344	0.0	0.0	0.0	0
2067	224.4669952392578	0.0	0.0	0.0	0
2068	224.5749969482422	0.0	0.0	0.0	0
2069	224.68299865722656	0.0	0.0	0.0	0
2070	224.79100036621094	0.0	0.0	0.0	0
2071	224.8990020751953	0.0	0.0	0.0	0
2072	225.0070037841797	0.0	0.0	0.0	0
2073	225.11500549316406	0.0	0.0	0.0	0
2074	225.22300720214844	0.0	0.0	0.0	0
2075	225.33099365234375	0.0	0.0	0.0	0
2076	225.43899536132812	0.0	0.0	0.0	0
2077	225.5469970703125	0.0	0.0	0.0	0
2078	225.65499877929688	0.0	0.0	0.0	0
2079	225.76300048828125	0.0	0.0	0.0	0
2080	225.87100219726562	0.0	0.0	0.0	0
2081	225.97900390625	0.0	0.0	0.0	0
2082	226.08700561523438	0.0	0.0	0.0	0
2083	226.19500732421875	0.0	0.0	0.0	0
2084	226.30299377441406	0.0	0.0	0.0	0
2085	226.41099548339844	0.0	0.0	0.0	0
2086	226.5189971923828	0.0	0.0	0.0	0
2087	226.6269989013672	0.0	0.0	0.0	0
2088	226.73500061035156	0.0	0.0	0.0	0
2089	226.84300231933594	0.0	0.0	0.0	0
2090	226.9510040283203	0.0	0.0	0.0	0
2091	227.0590057373047	0.0	0.0	0.0	0
2092	227.16700744628906	0.0	0.0	0.0	0
2093	227.27499389648438	0.0	0.0	0.0	0
2094	227.38299560546875	0.0	0.0	0.0	0
2095	227.49099731445312	0.0	0.0	0.0	0
2096	227.5989990234375	0.0	0.0	0.0	0
2097	227.70700073242188	0.0	0.0	0.0	0
2098	227.81500244140625	0.0	0.0	0.0	0
2099	227.92300415039062	0.0	0.0	0.0	0
2100	228.031005859375	0.0	0.0	0.0	0
2101	228.13900756835938	0.0	0.0	0.0	0
2102	228.2469940185547	0.0	0.0	0.0	0
2103	228.35499572753906	0.0	0.0	0.0	0
2104	228.46299743652344	0.0	0.0	0.0	0
2105	228.5709991455078	0.0	0.0	0.0	0
2106	228.6790008544922	0.0	0.0	0.0	0
2107	228.78700256347656	0.0	0.0	0.0	0
2108	228.89500427246094	0.0	0.0	0.0	0
2109	229.0030059814453	0.0	0.0	0.0	0
2110	229.11099243164062	0.0	0.0	0.0	0
2111	229.218994140625	0.0	0.0	0.0	0
2112	229.32699584960938	0.0	0.0	0.0	0
2113	229.43499755859375	0.0	0.0	0.0	0
2114	229.54299926757812	0.0	0.0	0.0	0
2115	229.6510009765625	0.0	0.0	0.0	0
2116	229.75900268554688	0.0	0.0	0.0	0
2117	229.86700439453125	0.0	0.0	0.0	0
2118	229.97500610351562	0.0	0.0	0.0	0
2119	230.08299255371094	0.0	0.0	0.0	0
2120	230.1909942626953	0.0	0.0	0.0	0
2121	230.2989959716797	0.0	0.0	0.0	0
2122	230.40699768066406	0.0	0.0	0.0	0
2123	230.51499938964844	0.0	0.0	0.0	0
2124	230.6230010986328	0.0	0.0	0.0	0
2125	230.7310028076172	0.0	0.0	0.0	0
2126	230.83900451660156	0.0	0.0	0.0	0
2127	230.94700622558594	0.0	0.0	0.0	0
2128	231.05499267578125	0.0	0.0	0.0	0
2129	231.16299438476562	0.0	0.0	0.0	0
2130	231.27099609375	0.0	0.0	0.0	0
2131	231.37899780273438	0.0	0.0	0.0	0
2132	231.48699951171875	0.0	0.0	0.0	0
2133	231.59500122070312	0.0	0.0	0.0	0
2134	231.7030029296875	0.0	0.0	0.0	0
2135	231.81100463867188	0.0	0.0	0.0	0
2136	231.91900634765625	0.0	0.0	0.0	0
2137	232.02699279785156	0.0	0.0	0.0	0
2138	232.13499450683594	0.0	0.0	0.0	0
2139	232.2429962158203	0.0	0.0	0.0	0
2140	232.3509979248047	0.0	0.0	0.0	0
2141	232.45899963378906	0.0	0.0	0.0	0
2142	232.56700134277344	0.0	0.0	0.0	0
2143	232.6750030517578	0.0	0.0	0.0	0
2144	232.7830047607422	0.0	0.0	0.0	0
2145	232.89100646972656	0.0	0.0	0.0	0
2146	232.99899291992188	0.0	0.0	0.0	0
2147	233.10699462890625	0.0	0.0	0.0	0
2148	233.21499633789062	0.0	0.0	0.0	0
2149	233.322998046875	0.0	0.0	0.0	0
2150	233.43099975585938	0.0	0.0	0.0	0
2151	233.53900146484375	0.0	0.0	0.0	0
2152	233.64700317382812	0.0	0.0	0.0	0
2153	233.7550048828125	0.0	0.0	0.0	0
2154	233.86300659179688	0.0	0.0	0.0	0
2155	233.9709930419922	0.0	0.0	0.0	0
2156	234.07899475097656	0.0	0.0	0.0	0
2157	234.18699645996094	0.0	0.0	0.0	0
2158	234.2949981689453	0.0	0.0	0.0	0
2159	234.4029998779297	0.0	0.0	0.0	0
2160	234.51100158691406	0.0	0.0	0.0	0
2161	234.61900329589844	0.0	0.0	0.0	0
2162	234.7270050048828	0.0	0.0	0.0	0
2163	234.8350067138672	0.0	0.0	0.0	0
2164	234.9429931640625	0.0	0.0	0.0	0
2165	235.05099487304688	0.0	0.0	0.0	0
2166	235.15899658203125	0.0	0.0	0.0	0
2167	235.26699829101562	0.0	0.0	0.0	0
2168	235.375	0.0	0.0	0.0	0
2169	235.48300170898438	0.0	0.0	0.0	0
2170	235.59100341796875	0.0	0.0	0.0	0
2171	235.69900512695312	0.0	0.0	0.0	0
2172	235.8070068359375	0.0	0.0	0.0	0
2173	235.9149932861328	0.0	0.0	0.0	0
2174	236.0229949951172	0.0	0.0	0.0	0
2175	236.13099670410156	0.0	0.0	0.0	0
2176	236.23899841308594	0.0	0.0	0.0	0
2177	236.3470001220703	0.0	0.0	0.0	0
2178	236.4550018310547	0.0	0.0	0.0	0
2179	236.56300354003906	0.0	0.0	0.0	0
2180	236.67100524902344	0.0	0.0	0.0	0
2181	236.7790069580078	0.0	0.0	0.0	0
2182	236.88699340820312	0.0	0.0	0.0	0
2183	236.9949951171875	0.0	0.0	0.0	0
2184	237.10299682617188	0.0	0.0	0.0	0
2185	237.21099853515625	0.0	0.0	0.0	0
2186	237.31900024414062	0.0	0.0	0.0	0
2187	237.427001953125	0.0	0.0	0.0	0
2188	237.53500366210938	0.0	0.0	0.0	0
2189	237.64300537109375	0.0	0.0	0.0	0
2190	237.75100708007812	0.0	0.0	0.0	0
2191	237.85899353027344	0.0	0.0	0.0	0
2192	237.9669952392578	0.0	0.0	0.0	0
2193	238.0749969482422	0.0	0.0	0.0	0
2194	238.18299865722656	0.0	0.0	0.0	0
2195	238.29100036621094	0.0	0.0	0.0	0
2196	238.3990020751953	0.0	0.0	0.0	0
2197	238.5070037841797	0.0	0.0	0.0	0
2198	238.61500549316406	0.0	0.0	0.0	0
2199	238.72300720214844	0.0	0.0	0.0	0
2200	238.83099365234375	0.0	0.0	0.0	0
2201	238.93899536132812	0.0	0.0	0.0	0
2202	239.0469970703125	0.0	0.0	0.0	0
2203	239.15499877929688	0.0	0.0	0.0	0
2204	239.26300048828125	0.0	0.0	0.0	0
2205	239.37100219726562	0.0	0.0	0.0	0
2206	239.47900390625	0.0	0.0	0.0	0
2207	239.58700561523438	0.0	0.0	0.0	0
2208	239.69500732421875	0.0	0.0	0.0	0
2209	239.80299377441406	0.0	0.0	0.0	0
2210	239.91099548339844	0.0	0.0	0.0	0
2211	240.0189971923828	0.0	0.0	0.0	0
2212	240.1269989013672	0.0	0.0	0.0	0
2213	240.23500061035156	0.0	0.0	0.0	0
2214	240.34300231933594	0.0	0.0	0.0	0
2215	240.4510040283203	0.0	0.0	0.0	0
2216	240.5590057373047	0.0	0.0	0.0	0
2217	240.66700744628906	0.0	0.0	0.0	0
2218	240.77499389648438	0.0	0.0	0.0	0
2219	240.88299560546875	0.0	0.0	0.0	0
2220	240.99099731445312	0.0	0.0	0.0	0
2221	241.0989990234375	0.0	0.0	0.0	0
2222	241.20700073242188	0.0	0.0	0.0	0
2223	241.31500244140625	0.0	0.0	0.0	0
2224	241.42300415039062	0.0	0.0	0.0	0
2225	241.531005859375	0.0	0.0	0.0	0
2226	241.63900756835938	0.0	0.0	0.0	0
2227	241.7469940185547	0.0	0.0	0.0	0
2228	241.85499572753906	0.0	0.0	0.0	0
2229	241.96299743652344	0.0	0.0	0.0	0
2230	242.0709991455078	0.0	0.0	0.0	0
2231	242.1790008544922	0.0	0.0	0.0	0
2232	242.28700256347656	0.0	0.0	0.0	0
2233	242.39500427246094	0.0	0.0	0.0	0
2234	242.5030059814453	0.0	0.0	0.0	0
2235	242.61099243164062	0.0	0.0	0.0	0
2236	242.718994140625	0.0	0.0	0.0	0
2237	242.82699584960938	0.0	0.0	0.0	0
2238	242.93499755859375	0.0	0.0	0.0	0
2239	243.04299926757812	0.0	0.0	0.0	0
2240	243.1510009765625	0.0	0.0	0.0	0
2241	243.25900268554688	0.0	0.0	0.0	0
2242	243.36700439453125	0.0	0.0	0.0	0
2243	243.47500610351562	0.0	0.0	0.0	0
2244	243.58299255371094	0.0	0.0	0.0	0
2245	243.6909942626953	0.0	0.0	0.0	0
2246	243.7989959716797	0.0	0.0	0.0	0
2247	243.90699768066406	0.0	0.0	0.0	0
2248	244.01499938964844	0.0	0.0	0.0	0
2249	244.1230010986328	0.0	0.0	0.0	0
2250	244.2310028076172	0.0	0.0	0.0	0
2251	244.33900451660156	0.0	0.0	0.0	0
2252	244.44700622558594	0.0	0.0	0.0	0
2253	244.55499267578125	0.0	0.0	0.0	0
2254	244.66299438476562	0.0	0.0	0.0	0
2255	244.77099609375	0.0	0.0	0.0	0
2256	244.87899780273438	0.0	0.0	0.0	0
2257	244.98699951171875	0.0	0.0	0.0	0
2258	245.09500122070312	0.0	0.0	0.0	0
2259	245.2030029296875	0.0	0.0	0.0	0
2260	245.31100463867188	0.0	0.0	0.0	0
2261	245.41900634765625	0.0	0.0	0.0	0
2262	245.52699279785156	0.0	0.0	0.0	0
2263	245.63499450683594	0.0	0.0	0.0	0
2264	245.7429962158203	0.0	0.0	0.0	0
2265	245.8509979248047	0.0	0.0	0.0	0
2266	245.95899963378906	0.0	0.0	0.0	0
2267	246.06700134277344	0.0	0.0	0.0	0
2268	246.1750030517578	0.0	0.0	0.0	0
2269	246.2830047607422	0.0	0.0	0.0	0
2270	246.39100646972656	0.0	0.0	0.0	0
2271	246.49899291992188	0.0	0.0	0.0	0
2272	246.60699462890625	0.0	0.0	0.0	0
2273	246.71499633789062	0.0	0.0	0.0	0
2274	246.822998046875	0.0	0.0	0.0	0
2275	246.93099975585938	0.0	0.0	0.0	0
2276	247.03900146484375	0.0	0.0	0.0	0
2277	247.14700317382812	0.0	0.0	0.0	0
2278	247.2550048828125	0.0	0.0	0.0	0
2279	247.36300659179688	0.0	0.0	0.0	0
2280	247.4709930419922	0.0	0.0	0.0	0
2281	247.57899475097656	0.0	0.0	0.0	0
2282	247.68699645996094	0.0	0.0	0.0	0
2283	247.7949981689453	0.0	0.0	0.0	0
2284	247.9029998779297	0.0	0.0	0.0	0
2285	248.01100158691406	0.0	0.0	0.0	0
2286	248.11900329589844	0.0	0.0	0.0	0
2287	248.2270050048828	0.0	0.0	0.0	0
2288	248.3350067138672	0.0	0.0	0.0	0
2289	248.4429931640625	0.0	0.0	0.0	0
2290	248.55099487304688	0.0	0.0	0.0	0
2291	248.65899658203125	0.0	0.0	0.0	0
2292	248.76699829101562	0.0	0.0	0.0	0
2293	248.875	0.0	0.0	0.0	0
2294	248.98300170898438	0.0	0.0	0.0	0
2295	249.09100341796875	0.0	0.0	0.0	0
2296	249.19900512695312	0.0	0.0	0.0	0
2297	249.3070068359375	0.0	0.0	0.0	0
2298	249.4149932861328	0.0	0.0	0.0	0
2299	249.5229949951172	0.0	0.0	0.0	0
2300	249.63099670410156	0.0	0.0	0.0	0
2301	249.73899841308594	0.0	0.0	0.0	0
2302	249.8470001220703	0.0	0.0	0.0	0
2303	249.9550018310547	0.0	0.0	0.0	0
2304	250.06300354003906	0.0	0.0	0.0	0
2305	250.17100524902344	0.0	0.0	0.0	0
2306	250.2790069580078	0.0	0.0	0.0	0
2307	250.38699340820312	0.0	0.0	0.0	0
2308	250.4949951171875	0.0	0.0	0.0	0
2309	250.60299682617188	0.0	0.0	0.0	0
2310	250.71099853515625	0.0	0.0	0.0	0
2311	250.81900024414062	0.0	0.0	0.0	0
2312	250.927001953125	0.0	0.0	0.0	0
2314	251.14300537109375	0.0	0.0	0.0	0
2315	251.25100708007812	0.0	0.0	0.0	0
2316	251.35899353027344	0.0	0.0	0.0	0
2317	251.4669952392578	0.0	0.0	0.0	0
2318	251.5749969482422	0.0	0.0	0.0	0
2319	251.68299865722656	0.0	0.0	0.0	0
2320	251.79100036621094	0.0	0.0	0.0	0
2321	251.8990020751953	0.0	0.0	0.0	0
2322	252.0070037841797	0.0	0.0	0.0	0
2323	252.11500549316406	0.0	0.0	0.0	0
2324	252.22300720214844	0.0	0.0	0.0	0
2325	252.33099365234375	0.0	0.0	0.0	0
2326	252.43899536132812	0.0	0.0	0.0	0
2327	252.5469970703125	0.0	0.0	0.0	0
2328	252.65499877929688	0.0	0.0	0.0	0
2329	252.76300048828125	0.0	0.0	0.0	0
2330	252.87100219726562	0.0	0.0	0.0	0
2331	252.97900390625	0.0	0.0	0.0	0
2332	253.08700561523438	0.0	0.0	0.0	0
2333	253.19500732421875	0.0	0.0	0.0	0
2334	253.30299377441406	0.0	0.0	0.0	0
2335	253.41099548339844	0.0	0.0	0.0	0
2336	253.5189971923828	0.0	0.0	0.0	0
2337	253.6269989013672	0.0	0.0	0.0	0
2338	253.73500061035156	0.0	0.0	0.0	0
2339	253.84300231933594	0.0	0.0	0.0	0
2340	253.9510040283203	0.0	0.0	0.0	0
2342	254.16700744628906	0.0	0.0	0.0	0
2343	254.27499389648438	0.0	0.0	0.0	0
2346	254.5989990234375	0.0	0.0	0.0	0
2347	254.70700073242188	0.0	0.0	0.0	0
2349	254.92300415039062	0.0	0.0	0.0	0
2351	255.13900756835938	0.0	0.0	0.0	0
2354	255.46299743652344	0.0	0.0	0.0	0
2355	255.5709991455078	0.0	0.0	0.0	0
2356	255.6790008544922	0.0	0.0	0.0	0
2358	255.89500427246094	0.0	0.0	0.0	0
2359	256.00299072265625	0.0	0.0	0.0	0
2361	256.218994140625	0.0	0.0	0.0	0
2362	256.3269958496094	0.0	0.0	0.0	0
2367	256.86700439453125	0.0	0.0	0.0	0
2368	256.9750061035156	0.0	0.0	0.0	0
2369	257.0830078125	0.0	0.0	0.0	0
2370	257.1910095214844	0.0	0.0	0.0	0
2371	257.29901123046875	0.0	0.0	0.0	0
2372	257.4070129394531	0.0	0.0	0.0	0
2373	257.5150146484375	0.0	0.0	0.0	0
2374	257.62298583984375	0.0	0.0	0.0	0
2375	257.7309875488281	0.0	0.0	0.0	0
2376	257.8389892578125	0.0	0.0	0.0	0
2377	257.9469909667969	0.0	0.0	0.0	0
2378	258.05499267578125	0.0	0.0	0.0	0
2379	258.1629943847656	0.0	0.0	0.0	0
2381	258.3789978027344	0.0	0.0	0.0	0
2382	258.48699951171875	0.0	0.0	0.0	0
2383	258.5950012207031	0.0	0.0	0.0	0
2384	258.7030029296875	0.0	0.0	0.0	0
2386	258.91900634765625	0.0	0.0	0.0	0
2387	259.0270080566406	0.0	0.0	0.0	0
2388	259.135009765625	0.0	0.0	0.0	0
2389	259.2430114746094	0.0	0.0	0.0	0
2390	259.35101318359375	0.0	0.0	0.0	0
2391	259.4590148925781	0.0	0.0	0.0	0
2392	259.5669860839844	0.0	0.0	0.0	0
2393	259.67498779296875	0.0	0.0	0.0	0
2394	259.7829895019531	0.0	0.0	0.0	0
2396	259.9989929199219	0.0	0.0	0.0	0
2397	260.10699462890625	0.0	0.0	0.0	0
2398	260.2149963378906	0.0	0.0	0.0	0
2399	260.322998046875	0.0	0.0	0.0	0
2400	260.4309997558594	0.0	0.0	0.0	0
2401	260.53900146484375	0.0	0.0	0.0	0
2402	260.6470031738281	0.0	0.0	0.0	0
2403	260.7550048828125	0.0	0.0	0.0	0
2405	260.97100830078125	0.0	0.0	0.0	0
2406	261.0790100097656	0.0	0.0	0.0	0
2407	261.18701171875	0.0	0.0	0.0	0
2408	261.2950134277344	0.0	0.0	0.0	0
2409	261.40301513671875	0.0	0.0	0.0	0
2410	261.510986328125	0.0	0.0	0.0	0
2411	261.6189880371094	0.0	0.0	0.0	0
2412	261.72698974609375	0.0	0.0	0.0	0
2413	261.8349914550781	0.0	0.0	0.0	0
2414	261.9429931640625	0.0	0.0	0.0	0
2415	262.0509948730469	0.0	0.0	0.0	0
2416	262.15899658203125	0.0	0.0	0.0	0
2417	262.2669982910156	0.0	0.0	0.0	0
2418	262.375	0.0	0.0	0.0	0
2419	262.4830017089844	0.0	0.0	0.0	0
2420	262.59100341796875	0.0	0.0	0.0	0
2421	262.6990051269531	0.0	0.0	0.0	0
2422	262.8070068359375	0.0	0.0	0.0	0
2424	263.02301025390625	0.0	0.0	0.0	0
2425	263.1310119628906	0.0	0.0	0.0	0
2426	263.239013671875	0.0	0.0	0.0	0
2427	263.34698486328125	0.0	0.0	0.0	0
2428	263.4549865722656	0.0	0.0	0.0	0
2429	263.56298828125	0.0	0.0	0.0	0
2430	263.6709899902344	0.0	0.0	0.0	0
2431	263.77899169921875	0.0	0.0	0.0	0
2432	263.8869934082031	0.0	0.0	0.0	0
2433	263.9949951171875	0.0	0.0	0.0	0
2434	264.1029968261719	0.0	0.0	0.0	0
2435	264.21099853515625	0.0	0.0	0.0	0
2436	264.3190002441406	0.0	0.0	0.0	0
2437	264.427001953125	0.0	0.0	0.0	0
2438	264.5350036621094	0.0	0.0	0.0	0
2439	264.64300537109375	0.0	0.0	0.0	0
2440	264.7510070800781	0.0	0.0	0.0	0
2441	264.8590087890625	0.0	0.0	0.0	0
2442	264.9670104980469	0.0	0.0	0.0	0
2443	265.07501220703125	0.0	0.0	0.0	0
2444	265.1830139160156	0.0	0.0	0.0	0
2445	265.2909851074219	0.0	0.0	0.0	0
2447	265.5069885253906	0.0	0.0	0.0	0
2448	265.614990234375	0.0	0.0	0.0	0
2449	265.7229919433594	0.0	0.0	0.0	0
2450	265.83099365234375	0.0	0.0	0.0	0
2451	265.9389953613281	0.0	0.0	0.0	0
2452	266.0469970703125	0.0	0.0	0.0	0
2454	266.26300048828125	0.0	0.0	0.0	0
2455	266.3710021972656	0.0	0.0	0.0	0
2456	266.47900390625	0.0	0.0	0.0	0
2457	266.5870056152344	0.0	0.0	0.0	0
2458	266.69500732421875	0.0	0.0	0.0	0
2459	266.8030090332031	0.0	0.0	0.0	0
2460	266.9110107421875	0.0	0.0	0.0	0
2461	267.0190124511719	0.0	0.0	0.0	0
2462	267.12701416015625	0.0	0.0	0.0	0
2463	267.2349853515625	0.0	0.0	0.0	0
2464	267.3429870605469	0.0	0.0	0.0	0
2465	267.45098876953125	0.0	0.0	0.0	0
2466	267.5589904785156	0.0	0.0	0.0	0
2467	267.6669921875	0.0	0.0	0.0	0
2468	267.7749938964844	0.0	0.0	0.0	0
2469	267.88299560546875	0.0	0.0	0.0	0
2470	267.9909973144531	0.0	0.0	0.0	0
2471	268.0989990234375	0.0	0.0	0.0	0
2472	268.2070007324219	0.0	0.0	0.0	0
2473	268.31500244140625	0.0	0.0	0.0	0
2474	268.4230041503906	0.0	0.0	0.0	0
2475	268.531005859375	0.0	0.0	0.0	0
2476	268.6390075683594	0.0	0.0	0.0	0
2477	268.74700927734375	0.0	0.0	0.0	0
2478	268.8550109863281	0.0	0.0	0.0	0
2480	269.0710144042969	0.0	0.0	0.0	0
2481	269.1789855957031	0.0	0.0	0.0	0
2482	269.2869873046875	0.0	0.0	0.0	0
2484	269.50299072265625	0.0	0.0	0.0	0
2485	269.6109924316406	0.0	0.0	0.0	0
2486	269.718994140625	0.0	0.0	0.0	0
2487	269.8269958496094	0.0	0.0	0.0	0
2488	269.93499755859375	0.0	0.0	0.0	0
2489	270.0429992675781	0.0	0.0	0.0	0
2490	270.1510009765625	0.0	0.0	0.0	0
2491	270.2590026855469	0.0	0.0	0.0	0
2492	270.36700439453125	0.0	0.0	0.0	0
2493	270.4750061035156	0.0	0.0	0.0	0
2494	270.5830078125	0.0	0.0	0.0	0
2495	270.6910095214844	0.0	0.0	0.0	0
2496	270.79901123046875	0.0	0.0	0.0	0
2497	270.9070129394531	0.0	0.0	0.0	0
2498	271.0150146484375	0.0	0.0	0.0	0
2499	271.12298583984375	0.0	0.0	0.0	0
2500	271.2309875488281	0.0	0.0	0.0	0
2501	271.3389892578125	0.0	0.0	0.0	0
2502	271.4469909667969	0.0	0.0	0.0	0
2503	271.55499267578125	0.0	0.0	0.0	0
2504	271.6629943847656	0.0	0.0	0.0	0
2505	271.77099609375	0.0	0.0	0.0	0
2506	271.8789978027344	0.0	0.0	0.0	0
2507	271.98699951171875	0.0	0.0	0.0	0
2508	272.0950012207031	0.0	0.0	0.0	0
2509	272.2030029296875	0.0	0.0	0.0	0
2510	272.3110046386719	0.0	0.0	0.0	0
2511	272.41900634765625	0.0	0.0	0.0	0
2512	272.5270080566406	0.0	0.0	0.0	0
2513	272.635009765625	0.0	0.0	0.0	0
2514	272.7430114746094	0.0	0.0	0.0	0
2515	272.85101318359375	0.0	0.0	0.0	0
2516	272.9590148925781	0.0	0.0	0.0	0
2517	273.0669860839844	0.0	0.0	0.0	0
2518	273.17498779296875	0.0	0.0	0.0	0
2519	273.2829895019531	0.0	0.0	0.0	0
2520	273.3909912109375	0.0	0.0	0.0	0
2521	273.4989929199219	0.0	0.0	0.0	0
2522	273.60699462890625	0.0	0.0	0.0	0
2523	273.7149963378906	0.0	0.0	0.0	0
2524	273.822998046875	0.0	0.0	0.0	0
2526	274.03900146484375	0.0	0.0	0.0	0
2527	274.1470031738281	0.0	0.0	0.0	0
2528	274.2550048828125	0.0	0.0	0.0	0
2530	274.47100830078125	0.0	0.0	0.0	0
2531	274.5790100097656	0.0	0.0	0.0	0
2532	274.68701171875	0.0	0.0	0.0	0
2533	274.7950134277344	0.0	0.0	0.0	0
2534	274.90301513671875	0.0	0.0	0.0	0
2536	275.1189880371094	0.0	0.0	0.0	0
2537	275.22698974609375	0.0	0.0	0.0	0
2538	275.3349914550781	0.0	0.0	0.0	0
2539	275.4429931640625	0.0	0.0	0.0	0
2540	275.5509948730469	0.0	0.0	0.0	0
2541	275.65899658203125	0.0	0.0	0.0	0
2542	275.7669982910156	0.0	0.0	0.0	0
2543	275.875	0.0	0.0	0.0	0
2544	275.9830017089844	0.0	0.0	0.0	0
2545	276.09100341796875	0.0	0.0	0.0	0
2546	276.1990051269531	0.0	0.0	0.0	0
2547	276.3070068359375	0.0	0.0	0.0	0
2548	276.4150085449219	0.0	0.0	0.0	0
2549	276.52301025390625	0.0	0.0	0.0	0
2550	276.6310119628906	0.0	0.0	0.0	0
2552	276.84698486328125	0.0	0.0	0.0	0
2554	277.06298828125	0.0	0.0	0.0	0
2555	277.1709899902344	0.0	0.0	0.0	0
2556	277.27899169921875	0.0	0.0	0.0	0
2558	277.4949951171875	0.0	0.0	0.0	0
2559	277.6029968261719	0.0	0.0	0.0	0
2560	277.71099853515625	0.0	0.0	0.0	0
2561	277.8190002441406	0.0	0.0	0.0	0
2562	277.927001953125	0.0	0.0	0.0	0
2563	278.0350036621094	0.0	0.0	0.0	0
2564	278.14300537109375	0.0	0.0	0.0	0
2565	278.2510070800781	0.0	0.0	0.0	0
2566	278.3590087890625	0.0	0.0	0.0	0
2567	278.4670104980469	0.0	0.0	0.0	0
2568	278.57501220703125	0.0	0.0	0.0	0
2569	278.6830139160156	0.0	0.0	0.0	0
2570	278.7909851074219	0.0	0.0	0.0	0
2571	278.89898681640625	0.0	0.0	0.0	0
2572	279.0069885253906	0.0	0.0	0.0	0
2573	279.114990234375	0.0	0.0	0.0	0
2575	279.33099365234375	0.0	0.0	0.0	0
2576	279.4389953613281	0.0	0.0	0.0	0
2577	279.5469970703125	0.0	0.0	0.0	0
2578	279.6549987792969	0.0	0.0	0.0	0
2579	279.76300048828125	0.0	0.0	0.0	0
2580	279.8710021972656	0.0	0.0	0.0	0
2581	279.97900390625	0.0	0.0	0.0	0
2582	280.0870056152344	0.0	0.0	0.0	0
2583	280.19500732421875	0.0	0.0	0.0	0
2584	280.3030090332031	0.0	0.0	0.0	0
2585	280.4110107421875	0.0	0.0	0.0	0
2586	280.5190124511719	0.0	0.0	0.0	0
2587	280.62701416015625	0.0	0.0	0.0	0
2588	280.7349853515625	0.0	0.0	0.0	0
2589	280.8429870605469	0.0	0.0	0.0	0
2590	280.95098876953125	0.0	0.0	0.0	0
2591	281.0589904785156	0.0	0.0	0.0	0
2592	281.1669921875	0.0	0.0	0.0	0
2593	281.2749938964844	0.0	0.0	0.0	0
2595	281.4909973144531	0.0	0.0	0.0	0
2596	281.5989990234375	0.0	0.0	0.0	0
2597	281.7070007324219	0.0	0.0	0.0	0
2598	281.81500244140625	0.0	0.0	0.0	0
2600	282.031005859375	0.0	0.0	0.0	0
2601	282.1390075683594	0.0	0.0	0.0	0
2602	282.24700927734375	0.0	0.0	0.0	0
2605	282.5710144042969	0.0	0.0	0.0	0
2606	282.6789855957031	0.0	0.0	0.0	0
2607	282.7869873046875	0.0	0.0	0.0	0
2608	282.8949890136719	0.0	0.0	0.0	0
2609	283.00299072265625	0.0	0.0	0.0	0
2611	283.218994140625	0.0	0.0	0.0	0
2614	283.5429992675781	0.0	0.0	0.0	0
2615	283.6510009765625	0.0	0.0	0.0	0
2616	283.7590026855469	0.0	0.0	0.0	0
2617	283.86700439453125	0.0	0.0	0.0	0
2619	284.0830078125	0.0	0.0	0.0	0
2620	284.1910095214844	0.0	0.0	0.0	0
2622	284.4070129394531	0.0	0.0	0.0	0
2623	284.5150146484375	0.0	0.0	0.0	0
2624	284.62298583984375	0.0	0.0	0.0	0
2627	284.9469909667969	0.0	0.0	0.0	0
2628	285.05499267578125	0.0	0.0	0.0	0
2630	285.27099609375	0.0	0.0	0.0	0
2632	285.48699951171875	0.0	0.0	0.0	0
2633	285.5950012207031	0.0	0.0	0.0	0
2635	285.8110046386719	0.0	0.0	0.0	0
2637	286.0270080566406	0.0	0.0	0.0	0
2638	286.135009765625	0.0	0.0	0.0	0
2639	286.2430114746094	0.0	0.0	0.0	0
2646	287.2959899902344	0.0	0.0	0.0	0
2647	287.40399169921875	0.0	0.0	0.0	0
2648	287.5119934082031	0.0	0.0	0.0	0
2649	287.6199951171875	0.0	0.0	0.0	0
2650	287.7279968261719	0.0	0.0	0.0	0
2652	287.9440002441406	0.0	0.0	0.0	0
2653	288.052001953125	0.0	0.0	0.0	0
2654	288.1600036621094	0.0	0.0	0.0	0
2657	288.4840087890625	0.0	0.0	0.0	0
2658	288.5920104980469	0.0	0.0	0.0	0
2660	288.8080139160156	0.0	0.0	0.0	0
2662	289.02398681640625	0.0	0.0	0.0	0
2664	289.239990234375	0.0	0.0	0.0	0
2665	289.3479919433594	0.0	0.0	0.0	0
2666	289.45599365234375	0.0	0.0	0.0	0
2668	289.6719970703125	0.0	0.0	0.0	0
2669	289.7799987792969	0.0	0.0	0.0	0
2671	289.9960021972656	0.0	0.0	0.0	0
2672	290.10400390625	0.0	0.0	0.0	0
2673	290.2120056152344	0.0	0.0	0.0	0
2674	290.32000732421875	0.0	0.0	0.0	0
2676	290.5360107421875	0.0	0.0	0.0	0
2677	290.6440124511719	0.0	0.0	0.0	0
2684	291.3999938964844	0.0	0.0	0.0	0
2687	291.7239990234375	0.0	0.0	0.0	0
2689	291.94000244140625	0.0	0.0	0.0	0
2690	292.0480041503906	0.0	0.0	0.0	0
2692	292.2640075683594	0.0	0.0	0.0	0
2694	292.4800109863281	0.0	0.0	0.0	0
2695	292.5880126953125	0.0	0.0	0.0	0
2697	292.8039855957031	0.0	0.0	0.0	0
2700	293.12799072265625	0.0	0.0	0.0	0
2701	293.2359924316406	0.0	0.0	0.0	0
2702	293.343994140625	0.0	0.0	0.0	0
2710	294.2080078125	0.0	0.0	0.0	0
2711	294.3160095214844	0.0	0.0	0.0	0
2714	294.6400146484375	0.0	0.0	0.0	0
2716	294.8559875488281	0.0	0.0	0.0	0
2717	294.9639892578125	0.0	0.0	0.0	0
2718	295.0719909667969	0.0	0.0	0.0	0
2720	295.2879943847656	0.0	0.0	0.0	0
2722	295.5039978027344	0.0	0.0	0.0	0
2724	295.7200012207031	0.0	0.0	0.0	0
2725	295.8280029296875	0.0	0.0	0.0	0
2727	296.04400634765625	0.0	0.0	0.0	0
2728	296.1520080566406	0.0	0.0	0.0	0
2729	296.260009765625	0.0	0.0	0.0	0
2730	296.3680114746094	0.0	0.0	0.0	0
2731	296.47601318359375	0.0	0.0	0.0	0
2732	296.5840148925781	0.0	0.0	0.0	0
2734	296.79998779296875	0.0	0.0	0.0	0
2735	296.9079895019531	0.0	0.0	0.0	0
2736	297.0159912109375	0.0	0.0	0.0	0
2738	297.23199462890625	0.0	0.0	0.0	0
2739	297.3399963378906	0.0	0.0	0.0	0
2740	297.447998046875	0.0	0.0	0.0	0
2746	298.09600830078125	0.0	0.0	0.0	0
2748	298.31201171875	0.0	0.0	0.0	0
2749	298.4200134277344	0.0	0.0	0.0	0
2755	299.0679931640625	0.0	0.0	0.0	0
2756	299.1759948730469	0.0	0.0	0.0	0
2757	299.28399658203125	0.0	0.0	0.0	0
2760	299.6080017089844	0.0	0.0	0.0	0
2764	300.0400085449219	0.0	0.0	0.0	0
2770	300.68798828125	0.0	0.0	0.0	0
2775	301.2279968261719	0.0	0.0	0.0	0
2776	301.33599853515625	0.0	0.0	0.0	0
2780	301.76800537109375	0.0	0.0	0.0	0
2781	301.8760070800781	0.0	0.0	0.0	0
2786	302.4159851074219	0.0	0.0	0.0	0
2788	302.6319885253906	0.0	0.0	0.0	0
2791	302.95599365234375	0.0	0.0	0.0	0
2792	303.0639953613281	0.0	0.0	0.0	0
2802	304.1440124511719	0.0	0.0	0.0	0
2810	305.00799560546875	0.0	0.0	0.0	0
2811	305.1159973144531	0.0	0.0	0.0	0
2812	305.2239990234375	0.0	0.0	0.0	0
2813	305.3320007324219	0.0	0.0	0.0	0
2816	305.656005859375	0.0	0.0	0.0	0
2829	307.05999755859375	0.0	0.0	0.0	0
2842	308.4639892578125	0.0	0.0	0.0	0
2847	309.0039978027344	0.0	0.0	0.0	0
2849	309.2200012207031	0.0	0.0	0.0	0
2853	309.6520080566406	0.0	0.0	0.0	0
2854	309.760009765625	0.0	0.0	0.0	0
2861	310.5159912109375	0.0	0.0	0.0	0
2871	311.59600830078125	0.0	0.0	0.0	0
2873	311.81201171875	0.0	0.0	0.0	0
2874	311.9200134277344	0.0	0.0	0.0	0
2884	313.0	0.0	0.0	0.0	0
2885	313.1080017089844	0.0	0.0	0.0	0
2889	313.5400085449219	0.0	0.0	0.0	0
2891	313.7560119628906	0.0	0.0	0.0	0
2894	314.0799865722656	0.0	0.0	0.0	0
2895	314.18798828125	0.0	0.0	0.0	0
2902	314.9440002441406	0.0	0.0	0.0	0
2906	315.3760070800781	0.0	0.0	0.0	0
2918	316.6719970703125	0.0	0.0	0.0	0
2932	318.1839904785156	0.0	0.0	0.0	0
2985	323.9079895019531	0.0	0.0	0.0	0
2991	324.5559997558594	0.0	0.0	0.0	0
2999	325.4200134277344	0.0	0.0	0.0	0
3012	326.8240051269531	0.0	0.0	0.0	0
3017	327.364013671875	0.0	0.0	0.0	0
3027	328.4440002441406	0.0	0.0	0.0	0
3029	328.6600036621094	0.0	0.0	0.0	0
3041	329.95599365234375	0.0	0.0	0.0	0
3047	330.60400390625	0.0	0.0	0.0	0
3061	332.1159973144531	0.0	0.0	0.0	0
3103	336.6520080566406	0.0	0.0	0.0	0
3110	337.4079895019531	0.0	0.0	0.0	0
3111	337.5159912109375	0.0	0.0	0.0	0
3112	337.6239929199219	0.0	0.0	0.0	0
3116	338.0559997558594	0.0	0.0	0.0	0
3117	338.16400146484375	0.0	0.0	0.0	0
3118	338.2720031738281	0.0	0.0	0.0	0
3120	338.4880065917969	0.0	0.0	0.0	0
3121	338.59600830078125	0.0	0.0	0.0	0
3122	338.7040100097656	0.0	0.0	0.0	0
3130	339.5679931640625	0.0	0.0	0.0	0
3139	340.5400085449219	0.0	0.0	0.0	0
3209	348.1000061035156	0.0	0.0	0.0	0
3210	348.2080078125	0.0	0.0	0.0	0
3213	348.5320129394531	0.0	0.0	0.0	0
3218	349.0719909667969	0.0	0.0	0.0	0
3222	349.5039978027344	0.0	0.0	0.0	0
3223	349.61199951171875	0.0	0.0	0.0	0
3229	350.260009765625	0.0	0.0	0.0	0
3232	350.5840148925781	0.0	0.0	0.0	0
3233	350.6919860839844	0.0	0.0	0.0	0
3235	350.9079895019531	0.0	0.0	0.0	0
3237	351.1239929199219	0.0	0.0	0.0	0
3240	351.447998046875	0.0	0.0	0.0	0
3241	351.5559997558594	0.0	0.0	0.0	0
3242	351.66400146484375	0.0	0.0	0.0	0
3243	351.7720031738281	0.0	0.0	0.0	0
3244	351.8800048828125	0.0	0.0	0.0	0
3245	351.9880065917969	0.0	0.0	0.0	0
3247	352.2040100097656	0.0	0.0	0.0	0
3251	352.635986328125	0.0	0.0	0.0	0
3252	352.7439880371094	0.0	0.0	0.0	0
3254	352.9599914550781	0.0	0.0	0.0	0
3258	353.3919982910156	0.0	0.0	0.0	0
3259	353.5	0.0	0.0	0.0	0
3260	353.6080017089844	0.0	0.0	0.0	0
3263	353.9320068359375	0.0	0.0	0.0	0
3265	354.14801025390625	0.0	0.0	0.0	0
3270	354.68798828125	0.0	0.0	0.0	0
3271	354.7959899902344	0.0	0.0	0.0	0
3272	354.90399169921875	0.0	0.0	0.0	0
3277	355.4440002441406	0.0	0.0	0.0	0
3278	355.552001953125	0.0	0.0	0.0	0
3282	355.9840087890625	0.0	0.0	0.0	0
3284	356.20001220703125	0.0	0.0	0.0	0
3286	356.4159851074219	0.0	0.0	0.0	0
3288	356.6319885253906	0.0	0.0	0.0	0
3289	356.739990234375	0.0	0.0	0.0	0
3290	356.8479919433594	0.0	0.0	0.0	0
3291	356.95599365234375	0.0	0.0	0.0	0
3292	357.0639953613281	0.0	0.0	0.0	0
3294	357.2799987792969	0.0	0.0	0.0	0
3295	357.38800048828125	0.0	0.0	0.0	0
3297	357.60400390625	0.0	0.0	0.0	0
3300	357.9280090332031	0.0	0.0	0.0	0
3301	358.0360107421875	0.0	0.0	0.0	0
3311	359.1159973144531	0.0	0.0	0.0	0
3317	359.7640075683594	0.0	0.0	0.0	0
3322	360.3039855957031	0.0	0.0	0.0	0
3355	363.8680114746094	0.0	0.0	0.0	0
3376	366.135986328125	0.0	0.0	0.0	0
3398	368.5119934082031	0.0	0.0	0.0	0
3402	368.9440002441406	0.0	0.0	0.0	0
3403	369.052001953125	0.0	0.0	0.0	0
3404	369.1600036621094	0.0	0.0	0.0	0
3405	369.26800537109375	0.0	0.0	0.0	0
3421	370.9960021972656	0.0	0.0	0.0	0
3434	372.4010009765625	0.0	0.0	0.0	0
3436	372.6159973144531	0.0	0.0	0.0	0
3443	373.37200927734375	0.0	0.0	0.0	0
3444	373.4800109863281	0.0	0.0	0.0	0
3453	374.4519958496094	0.0	0.0	0.0	0
3462	375.42401123046875	0.0	0.0	0.0	0
3463	375.5320129394531	0.0	0.0	0.0	0
3474	376.7200012207031	0.0	0.0	0.0	0
3478	377.1520080566406	0.0	0.0	0.0	0
3481	377.47601318359375	0.0	0.0	0.0	0
3485	377.9079895019531	0.0	0.0	0.0	0
3486	378.0159912109375	0.0	0.0	0.0	0
3488	378.23199462890625	0.0	0.0	0.0	0
3491	378.5559997558594	0.0	0.0	0.0	0
3492	378.66400146484375	0.0	0.0	0.0	0
3493	378.7720031738281	0.0	0.0	0.0	0
3494	378.8800048828125	0.0	0.0	0.0	0
3495	378.9880065917969	0.0	0.0	0.0	0
3496	379.09600830078125	0.0	0.0	0.0	0
3498	379.31201171875	0.0	0.0	0.0	0
3499	379.4200134277344	0.0	0.0	0.0	0
3500	379.52801513671875	0.0	0.0	0.0	0
3501	379.635986328125	0.0	0.0	0.0	0
3502	379.7439880371094	0.0	0.0	0.0	0
3503	379.85198974609375	0.0	0.0	0.0	0
3505	380.0679931640625	0.0	0.0	0.0	0
3506	380.1759948730469	0.0	0.0	0.0	0
