Номер пакета	Время	Давление	Температура	Высота	Состояние
3862	418624	69375.88074408207	22.77215576171875	2940.0219474389223	4
3863	418732	69375.88074408207	22.77215576171875	2940.0219474389223	4
3866	419056	69375.88074408207	22.77215576171875	2940.0219474389223	4
3868	419272	69375.88074408207	22.77215576171875	2940.0219474389223	4
3870	419488	69375.88074408207	22.77215576171875	2940.0219474389223	4
3872	419704	69375.88074408207	22.77215576171875	2940.0219474389223	4
3875	420028	69375.88074408207	22.77215576171875	2940.0219474389223	4
3876	420136	69375.88074408207	22.77215576171875	2940.0219474389223	4
3879	420460	69375.88074408207	22.77215576171875	2940.0219474389223	4
3880	420568	69375.88074408207	22.77215576171875	2940.0219474389223	4
3882	420784	69375.88074408207	22.77215576171875	2940.0219474389223	4
3883	420892	69375.88074408207	22.77215576171875	2940.0219474389223	4
3886	421216	69375.88074408207	22.77215576171875	2940.0219474389223	4
3887	421324	69375.88074408207	22.77215576171875	2940.0219474389223	4
3889	421540	69375.88074408207	22.77215576171875	2940.0219474389223	4
3891	421756	69375.88074408207	22.77215576171875	2940.0219474389223	4
3892	421864	69375.88074408207	22.77215576171875	2940.0219474389223	4
3893	421972	69375.88074408207	22.77215576171875	2940.0219474389223	4
3896	422296	69375.88074408207	22.77215576171875	2940.0219474389223	4
3897	422404	69375.88074408207	22.77215576171875	2940.0219474389223	4
3898	422512	69375.88074408207	22.77215576171875	2940.0219474389223	4
3903	423052	69375.88074408207	22.77215576171875	2940.0219474389223	4
3907	423484	69375.88074408207	22.77215576171875	2940.0219474389223	4
3910	423808	69375.88074408207	22.77215576171875	2940.0219474389223	4
3913	424132	69375.88074408207	22.77215576171875	2940.0219474389223	4
3919	424780	69375.88074408207	22.77215576171875	2940.0219474389223	4
3923	425212	69375.88074408207	22.77215576171875	2940.0219474389223	4
3924	425320	69375.88074408207	22.77215576171875	2940.0219474389223	4
3929	425860	69375.88074408207	22.77215576171875	2940.0219474389223	4
3934	426400	69375.88074408207	22.77215576171875	2940.0219474389223	4
3936	426616	69375.88074408207	22.77215576171875	2940.0219474389223	4
3939	426940	69375.88074408207	22.77215576171875	2940.0219474389223	4
3940	427048	69375.88074408207	22.77215576171875	2940.0219474389223	4
3942	427264	69375.88074408207	22.77215576171875	2940.0219474389223	4
3947	427804	69375.88074408207	22.77215576171875	2940.0219474389223	4
3949	428020	69375.88074408207	22.77215576171875	2940.0219474389223	4
3950	428128	69375.88074408207	22.77215576171875	2940.0219474389223	4
3951	428236	69375.88074408207	22.77215576171875	2940.0219474389223	4
3953	428452	69375.88074408207	22.77215576171875	2940.0219474389223	4
3954	428560	69375.88074408207	22.77215576171875	2940.0219474389223	4
3955	428668	69375.88074408207	22.77215576171875	2940.0219474389223	4
3957	428884	69375.88074408207	22.77215576171875	2940.0219474389223	4
3958	428992	69375.88074408207	22.77215576171875	2940.0219474389223	4
3959	429100	69375.88074408207	22.77215576171875	2940.0219474389223	4
3960	429208	69375.88074408207	22.77215576171875	2940.0219474389223	4
3961	429316	69375.88074408207	22.77215576171875	2940.0219474389223	4
3962	429424	69375.88074408207	22.77215576171875	2940.0219474389223	4
3963	429532	69375.88074408207	22.77215576171875	2940.0219474389223	4
3965	429748	69375.88074408207	22.77215576171875	2940.0219474389223	4
3966	429856	69375.88074408207	22.77215576171875	2940.0219474389223	4
3970	430288	69375.88074408207	22.77215576171875	2940.0219474389223	4
3971	430396	69375.88074408207	22.77215576171875	2940.0219474389223	4
3972	430504	69375.88074408207	22.77215576171875	2940.0219474389223	4
3973	430612	69375.88074408207	22.77215576171875	2940.0219474389223	4
3976	430936	69375.88074408207	22.77215576171875	2940.0219474389223	4
3977	431044	69375.88074408207	22.77215576171875	2940.0219474389223	4
3978	431152	69375.88074408207	22.77215576171875	2940.0219474389223	4
3979	431260	69375.88074408207	22.77215576171875	2940.0219474389223	4
3980	431368	69375.88074408207	22.77215576171875	2940.0219474389223	4
3981	431476	69375.88074408207	22.77215576171875	2940.0219474389223	4
3983	431692	69375.88074408207	22.77215576171875	2940.0219474389223	4
3986	432016	69375.88074408207	22.77215576171875	2940.0219474389223	4
3987	432124	69375.88074408207	22.77215576171875	2940.0219474389223	4
3988	432232	69375.88074408207	22.77215576171875	2940.0219474389223	4
3989	432340	69375.88074408207	22.77215576171875	2940.0219474389223	4
3991	432556	69375.88074408207	22.77215576171875	2940.0219474389223	4
3992	432664	69375.88074408207	22.77215576171875	2940.0219474389223	4
3993	432772	69375.88074408207	22.77215576171875	2940.0219474389223	4
3995	432988	69375.88074408207	22.77215576171875	2940.0219474389223	4
3998	433312	69375.88074408207	22.77215576171875	2940.0219474389223	4
4001	433636	69375.88074408207	22.77215576171875	2940.0219474389223	4
4004	433960	69375.88074408207	22.77215576171875	2940.0219474389223	4
4007	434284	69375.88074408207	22.77215576171875	2940.0219474389223	4
4010	434608	69375.88074408207	22.77215576171875	2940.0219474389223	4
4013	434932	69375.88074408207	22.77215576171875	2940.0219474389223	4
4016	435256	69375.88074408207	22.77215576171875	2940.0219474389223	4
4019	435580	69375.88074408207	22.77215576171875	2940.0219474389223	4
4022	435904	69375.88074408207	22.77215576171875	2940.0219474389223	4
4026	436336	69375.88074408207	22.77215576171875	2940.0219474389223	4
4029	436660	69375.88074408207	22.77215576171875	2940.0219474389223	4
4030	436768	69375.88074408207	22.77215576171875	2940.0219474389223	4
4032	436984	69375.88074408207	22.77215576171875	2940.0219474389223	4
4042	438064	69375.88074408207	22.77215576171875	2940.0219474389223	4
4043	438172	69375.88074408207	22.77215576171875	2940.0219474389223	4
4044	438280	69375.88074408207	22.77215576171875	2940.0219474389223	4
4045	438388	69375.88074408207	22.77215576171875	2940.0219474389223	4
4046	438496	69375.88074408207	22.77215576171875	2940.0219474389223	4
4047	438604	69375.88074408207	22.77215576171875	2940.0219474389223	4
4048	438712	69375.88074408207	22.77215576171875	2940.0219474389223	4
4049	438820	69375.88074408207	22.77215576171875	2940.0219474389223	4
4050	438928	69375.88074408207	22.77215576171875	2940.0219474389223	4
4051	439036	69375.88074408207	22.77215576171875	2940.0219474389223	4
4052	439144	69375.88074408207	22.77215576171875	2940.0219474389223	4
4053	439252	69375.88074408207	22.77215576171875	2940.0219474389223	4
4054	439360	69375.88074408207	22.77215576171875	2940.0219474389223	4
4055	439468	69375.88074408207	22.77215576171875	2940.0219474389223	4
4056	439576	69375.88074408207	22.77215576171875	2940.0219474389223	4
4057	439684	69375.88074408207	22.77215576171875	2940.0219474389223	4
4058	439792	69375.88074408207	22.77215576171875	2940.0219474389223	4
4059	439900	69375.88074408207	22.77215576171875	2940.0219474389223	4
4060	440008	69375.88074408207	22.77215576171875	2940.0219474389223	4
4061	440116	69375.88074408207	22.77215576171875	2940.0219474389223	4
4062	440224	69375.88074408207	22.77215576171875	2940.0219474389223	4
4063	440332	69375.88074408207	22.77215576171875	2940.0219474389223	4
4064	440440	69375.88074408207	22.77215576171875	2940.0219474389223	4
4065	440548	69375.88074408207	22.77215576171875	2940.0219474389223	4
4066	440656	69375.88074408207	22.77215576171875	2940.0219474389223	4
4067	440764	69375.88074408207	22.77215576171875	2940.0219474389223	4
4068	440872	69375.88074408207	22.77215576171875	2940.0219474389223	4
4069	440980	69375.88074408207	22.77215576171875	2940.0219474389223	4
4070	441088	69375.88074408207	22.77215576171875	2940.0219474389223	4
4072	441304	69375.88074408207	22.77215576171875	2940.0219474389223	4
4073	441412	69375.88074408207	22.77215576171875	2940.0219474389223	4
4075	441628	69375.88074408207	22.77215576171875	2940.0219474389223	4
4076	441736	69375.88074408207	22.77215576171875	2940.0219474389223	4
4077	441844	69375.88074408207	22.77215576171875	2940.0219474389223	4
4078	441952	69375.88074408207	22.77215576171875	2940.0219474389223	4
4079	442060	69375.88074408207	22.77215576171875	2940.0219474389223	4
4080	442168	69375.88074408207	22.77215576171875	2940.0219474389223	4
4081	442276	69375.88074408207	22.77215576171875	2940.0219474389223	4
4082	442384	69375.88074408207	22.77215576171875	2940.0219474389223	4
4083	442492	69375.88074408207	22.77215576171875	2940.0219474389223	4
4084	442600	69375.88074408207	22.77215576171875	2940.0219474389223	4
4085	442708	69375.88074408207	22.77215576171875	2940.0219474389223	4
4086	442816	69375.88074408207	22.77215576171875	2940.0219474389223	4
4087	442924	69375.88074408207	22.77215576171875	2940.0219474389223	4
4088	443032	69375.88074408207	22.77215576171875	2940.0219474389223	4
4090	443248	69375.88074408207	22.77215576171875	2940.0219474389223	4
4091	443356	69375.88074408207	22.77215576171875	2940.0219474389223	4
4092	443464	69375.88074408207	22.77215576171875	2940.0219474389223	4
4093	443572	69375.88074408207	22.77215576171875	2940.0219474389223	4
4094	443680	69375.88074408207	22.77215576171875	2940.0219474389223	4
4095	443788	69375.88074408207	22.77215576171875	2940.0219474389223	4
4096	443896	69375.88074408207	22.77215576171875	2940.0219474389223	4
4097	444004	69375.88074408207	22.77215576171875	2940.0219474389223	4
4098	444112	69375.88074408207	22.77215576171875	2940.0219474389223	4
4099	444220	69375.88074408207	22.77215576171875	2940.0219474389223	4
4100	444328	69375.88074408207	22.77215576171875	2940.0219474389223	4
4101	444436	69375.88074408207	22.77215576171875	2940.0219474389223	4
4102	444544	69375.88074408207	22.77215576171875	2940.0219474389223	4
4103	444652	69375.88074408207	22.77215576171875	2940.0219474389223	4
4104	444760	69375.88074408207	22.77215576171875	2940.0219474389223	4
4105	444868	69375.88074408207	22.77215576171875	2940.0219474389223	4
4106	444976	69375.88074408207	22.77215576171875	2940.0219474389223	4
4107	445084	69375.88074408207	22.77215576171875	2940.0219474389223	4
4108	445192	69375.88074408207	22.77215576171875	2940.0219474389223	4
4109	445300	69375.88074408207	22.77215576171875	2940.0219474389223	4
4110	445408	69375.88074408207	22.77215576171875	2940.0219474389223	4
4111	445516	69375.88074408207	22.77215576171875	2940.0219474389223	4
4112	445624	69375.88074408207	22.77215576171875	2940.0219474389223	4
4113	445732	69375.88074408207	22.77215576171875	2940.0219474389223	4
4114	445840	69375.88074408207	22.77215576171875	2940.0219474389223	4
4115	445948	69375.88074408207	22.77215576171875	2940.0219474389223	4
4116	446056	69375.88074408207	22.77215576171875	2940.0219474389223	4
4117	446164	69375.88074408207	22.77215576171875	2940.0219474389223	4
4118	446272	69375.88074408207	22.77215576171875	2940.0219474389223	4
4119	446380	69375.88074408207	22.77215576171875	2940.0219474389223	4
4120	446488	69375.88074408207	22.77215576171875	2940.0219474389223	4
4121	446596	69375.88074408207	22.77215576171875	2940.0219474389223	4
4122	446704	69375.88074408207	22.77215576171875	2940.0219474389223	4
4123	446812	69375.88074408207	22.77215576171875	2940.0219474389223	4
4124	446920	69375.88074408207	22.77215576171875	2940.0219474389223	4
4125	447028	69375.88074408207	22.77215576171875	2940.0219474389223	4
4126	447136	69375.88074408207	22.77215576171875	2940.0219474389223	4
4127	447244	69375.88074408207	22.77215576171875	2940.0219474389223	4
4128	447352	69375.88074408207	22.77215576171875	2940.0219474389223	4
4129	447460	69375.88074408207	22.77215576171875	2940.0219474389223	4
4130	447568	69375.88074408207	22.77215576171875	2940.0219474389223	4
4131	447676	69375.88074408207	22.77215576171875	2940.0219474389223	4
4132	447784	69375.88074408207	22.77215576171875	2940.0219474389223	4
4133	447892	69375.88074408207	22.77215576171875	2940.0219474389223	4
4134	448000	69375.88074408207	22.77215576171875	2940.0219474389223	4
4135	448108	69375.88074408207	22.77215576171875	2940.0219474389223	4
4136	448216	69375.88074408207	22.77215576171875	2940.0219474389223	4
4137	448324	69375.88074408207	22.77215576171875	2940.0219474389223	4
4138	448432	69375.88074408207	22.77215576171875	2940.0219474389223	4
4139	448540	69375.88074408207	22.77215576171875	2940.0219474389223	4
4140	448648	69375.88074408207	22.77215576171875	2940.0219474389223	4
4141	448756	69375.88074408207	22.77215576171875	2940.0219474389223	4
4142	448864	69375.88074408207	22.77215576171875	2940.0219474389223	4
4143	448972	69375.88074408207	22.77215576171875	2940.0219474389223	4
4144	449080	69375.88074408207	22.77215576171875	2940.0219474389223	4
4145	449188	69375.88074408207	22.77215576171875	2940.0219474389223	4
4146	449296	69375.88074408207	22.77215576171875	2940.0219474389223	4
4147	449404	69375.88074408207	22.77215576171875	2940.0219474389223	4
4148	449512	69375.88074408207	22.77215576171875	2940.0219474389223	4
4149	449620	69375.88074408207	22.77215576171875	2940.0219474389223	4
4150	449728	69375.88074408207	22.77215576171875	2940.0219474389223	4
4151	449836	69375.88074408207	22.77215576171875	2940.0219474389223	4
4152	449944	69375.88074408207	22.77215576171875	2940.0219474389223	4
4153	450052	69375.88074408207	22.77215576171875	2940.0219474389223	4
4154	450160	69375.88074408207	22.77215576171875	2940.0219474389223	4
4155	450268	69375.88074408207	22.77215576171875	2940.0219474389223	4
4156	450376	69375.88074408207	22.77215576171875	2940.0219474389223	4
4157	450484	69375.88074408207	22.77215576171875	2940.0219474389223	4
4158	450592	69375.88074408207	22.77215576171875	2940.0219474389223	4
4159	450700	69375.88074408207	22.77215576171875	2940.0219474389223	4
4160	450808	69375.88074408207	22.77215576171875	2940.0219474389223	4
4161	450916	69375.88074408207	22.77215576171875	2940.0219474389223	4
4162	451024	69375.88074408207	22.77215576171875	2940.0219474389223	4
4163	451132	69375.88074408207	22.77215576171875	2940.0219474389223	4
4164	451240	69375.88074408207	22.77215576171875	2940.0219474389223	4
4165	451348	69375.88074408207	22.77215576171875	2940.0219474389223	4
4166	451456	69375.88074408207	22.77215576171875	2940.0219474389223	4
4167	451564	69375.88074408207	22.77215576171875	2940.0219474389223	4
4168	451672	69375.88074408207	22.77215576171875	2940.0219474389223	4
4169	451780	69375.88074408207	22.77215576171875	2940.0219474389223	4
4170	451888	69375.88074408207	22.77215576171875	2940.0219474389223	4
4171	451996	69375.88074408207	22.77215576171875	2940.0219474389223	4
4172	452104	69375.88074408207	22.77215576171875	2940.0219474389223	4
4173	452212	69375.88074408207	22.77215576171875	2940.0219474389223	4
4175	452428	69375.88074408207	22.77215576171875	2940.0219474389223	4
4176	452536	69375.88074408207	22.77215576171875	2940.0219474389223	4
4178	452752	69375.88074408207	22.77215576171875	2940.0219474389223	4
4179	452860	69375.88074408207	22.77215576171875	2940.0219474389223	4
4180	452968	69375.88074408207	22.77215576171875	2940.0219474389223	4
4181	453076	69375.88074408207	22.77215576171875	2940.0219474389223	4
4182	453184	69375.88074408207	22.77215576171875	2940.0219474389223	4
4183	453292	69375.88074408207	22.77215576171875	2940.0219474389223	4
4184	453400	69375.88074408207	22.77215576171875	2940.0219474389223	4
4185	453508	69375.88074408207	22.77215576171875	2940.0219474389223	4
4186	453616	69375.88074408207	22.77215576171875	2940.0219474389223	4
4187	453724	69375.88074408207	22.77215576171875	2940.0219474389223	4
4188	453832	69375.88074408207	22.77215576171875	2940.0219474389223	4
4189	453940	69375.88074408207	22.77215576171875	2940.0219474389223	4
4190	454048	69375.88074408207	22.77215576171875	2940.0219474389223	4
4191	454156	69375.88074408207	22.77215576171875	2940.0219474389223	4
4192	454264	69375.88074408207	22.77215576171875	2940.0219474389223	4
4193	454372	69375.88074408207	22.77215576171875	2940.0219474389223	4
4194	454480	69375.88074408207	22.77215576171875	2940.0219474389223	4
4195	454588	69375.88074408207	22.77215576171875	2940.0219474389223	4
4196	454696	69375.88074408207	22.77215576171875	2940.0219474389223	4
4197	454804	69375.88074408207	22.77215576171875	2940.0219474389223	4
4198	454912	69375.88074408207	22.77215576171875	2940.0219474389223	4
4199	455020	69375.88074408207	22.77215576171875	2940.0219474389223	4
4200	455128	69375.88074408207	22.77215576171875	2940.0219474389223	4
4201	455236	69375.88074408207	22.77215576171875	2940.0219474389223	4
4202	455344	69375.88074408207	22.77215576171875	2940.0219474389223	4
4203	455452	69375.88074408207	22.77215576171875	2940.0219474389223	4
4204	455560	69375.88074408207	22.77215576171875	2940.0219474389223	4
4205	455668	69375.88074408207	22.77215576171875	2940.0219474389223	4
4206	455776	69375.88074408207	22.77215576171875	2940.0219474389223	4
4207	455884	69375.88074408207	22.77215576171875	2940.0219474389223	4
4208	455992	69375.88074408207	22.77215576171875	2940.0219474389223	4
4209	456100	69375.88074408207	22.77215576171875	2940.0219474389223	4
4210	456208	69375.88074408207	22.77215576171875	2940.0219474389223	4
4211	456316	69375.88074408207	22.77215576171875	2940.0219474389223	4
4212	456424	69375.88074408207	22.77215576171875	2940.0219474389223	4
4213	456532	69375.88074408207	22.77215576171875	2940.0219474389223	4
4214	456640	69375.88074408207	22.77215576171875	2940.0219474389223	4
4215	456748	69375.88074408207	22.77215576171875	2940.0219474389223	4
4216	456856	69375.88074408207	22.77215576171875	2940.0219474389223	4
4217	456964	69375.88074408207	22.77215576171875	2940.0219474389223	4
4218	457072	69375.88074408207	22.77215576171875	2940.0219474389223	4
4219	457180	69375.88074408207	22.77215576171875	2940.0219474389223	4
4220	457288	69375.88074408207	22.77215576171875	2940.0219474389223	4
4221	457396	69375.88074408207	22.77215576171875	2940.0219474389223	4
4222	457504	69375.88074408207	22.77215576171875	2940.0219474389223	4
4223	457612	69375.88074408207	22.77215576171875	2940.0219474389223	4
4224	457720	69375.88074408207	22.77215576171875	2940.0219474389223	4
4225	457828	69375.88074408207	22.77215576171875	2940.0219474389223	4
4226	457936	69375.88074408207	22.77215576171875	2940.0219474389223	4
4227	458044	69375.88074408207	22.77215576171875	2940.0219474389223	4
4228	458152	69375.88074408207	22.77215576171875	2940.0219474389223	4
4229	458260	69375.88074408207	22.77215576171875	2940.0219474389223	4
4230	458368	69375.88074408207	22.77215576171875	2940.0219474389223	4
4231	458476	69375.88074408207	22.77215576171875	2940.0219474389223	4
4232	458584	69375.88074408207	22.77215576171875	2940.0219474389223	4
4233	458692	69375.88074408207	22.77215576171875	2940.0219474389223	4
4234	458800	69375.88074408207	22.77215576171875	2940.0219474389223	4
4235	458908	69375.88074408207	22.77215576171875	2940.0219474389223	4
4236	459016	69375.88074408207	22.77215576171875	2940.0219474389223	4
4237	459124	69375.88074408207	22.77215576171875	2940.0219474389223	4
4238	459232	69375.88074408207	22.77215576171875	2940.0219474389223	4
4239	459340	69375.88074408207	22.77215576171875	2940.0219474389223	4
4240	459448	69375.88074408207	22.77215576171875	2940.0219474389223	4
4241	459556	69375.88074408207	22.77215576171875	2940.0219474389223	4
4242	459664	69375.88074408207	22.77215576171875	2940.0219474389223	4
4243	459772	69375.88074408207	22.77215576171875	2940.0219474389223	4
4244	459880	69375.88074408207	22.77215576171875	2940.0219474389223	4
4245	459988	69375.88074408207	22.77215576171875	2940.0219474389223	4
4246	460096	69375.88074408207	22.77215576171875	2940.0219474389223	4
4247	460204	69375.88074408207	22.77215576171875	2940.0219474389223	4
4248	460312	69375.88074408207	22.77215576171875	2940.0219474389223	4
4249	460420	69375.88074408207	22.77215576171875	2940.0219474389223	4
4250	460528	69375.88074408207	22.77215576171875	2940.0219474389223	4
4251	460636	69375.88074408207	22.77215576171875	2940.0219474389223	4
4252	460744	69375.88074408207	22.77215576171875	2940.0219474389223	4
4253	460852	69375.88074408207	22.77215576171875	2940.0219474389223	4
4254	460960	69375.88074408207	22.77215576171875	2940.0219474389223	4
4255	461068	69375.88074408207	22.77215576171875	2940.0219474389223	4
4256	461176	69375.88074408207	22.77215576171875	2940.0219474389223	4
4257	461284	69375.88074408207	22.77215576171875	2940.0219474389223	4
4258	461392	69375.88074408207	22.77215576171875	2940.0219474389223	4
4259	461500	69375.88074408207	22.77215576171875	2940.0219474389223	4
4260	461608	69375.88074408207	22.77215576171875	2940.0219474389223	4
4261	461716	69375.88074408207	22.77215576171875	2940.0219474389223	4
4262	461824	69375.88074408207	22.77215576171875	2940.0219474389223	4
4263	461932	69375.88074408207	22.77215576171875	2940.0219474389223	4
4264	462040	69375.88074408207	22.77215576171875	2940.0219474389223	4
4265	462148	69375.88074408207	22.77215576171875	2940.0219474389223	4
4266	462256	69375.88074408207	22.77215576171875	2940.0219474389223	4
4267	462364	69375.88074408207	22.77215576171875	2940.0219474389223	4
4268	462472	69375.88074408207	22.77215576171875	2940.0219474389223	4
4269	462580	69375.88074408207	22.77215576171875	2940.0219474389223	4
4270	462688	69375.88074408207	22.77215576171875	2940.0219474389223	4
4271	462796	69375.88074408207	22.77215576171875	2940.0219474389223	4
4272	462904	69375.88074408207	22.77215576171875	2940.0219474389223	4
4273	463012	69375.88074408207	22.77215576171875	2940.0219474389223	4
4274	463120	69375.88074408207	22.77215576171875	2940.0219474389223	4
4275	463228	69375.88074408207	22.77215576171875	2940.0219474389223	4
4276	463336	69375.88074408207	22.77215576171875	2940.0219474389223	4
4277	463444	69375.88074408207	22.77215576171875	2940.0219474389223	4
4278	463552	69375.88074408207	22.77215576171875	2940.0219474389223	4
4279	463660	69375.88074408207	22.77215576171875	2940.0219474389223	4
4280	463768	69375.88074408207	22.77215576171875	2940.0219474389223	4
4281	463876	69375.88074408207	22.77215576171875	2940.0219474389223	4
4282	463984	69375.88074408207	22.77215576171875	2940.0219474389223	4
4283	464092	69375.88074408207	22.77215576171875	2940.0219474389223	4
4284	464200	69375.88074408207	22.77215576171875	2940.0219474389223	4
4285	464308	69375.88074408207	22.77215576171875	2940.0219474389223	4
4286	464416	69375.88074408207	22.77215576171875	2940.0219474389223	4
4287	464524	69375.88074408207	22.77215576171875	2940.0219474389223	4
4288	464632	69375.88074408207	22.77215576171875	2940.0219474389223	4
4289	464740	69375.88074408207	22.77215576171875	2940.0219474389223	4
4290	464848	69375.88074408207	22.77215576171875	2940.0219474389223	4
4291	464956	69375.88074408207	22.77215576171875	2940.0219474389223	4
4292	465064	69375.88074408207	22.77215576171875	2940.0219474389223	4
4293	465172	69375.88074408207	22.77215576171875	2940.0219474389223	4
4294	465280	69375.88074408207	22.77215576171875	2940.0219474389223	4
4295	465388	69375.88074408207	22.77215576171875	2940.0219474389223	4
4296	465496	69375.88074408207	22.77215576171875	2940.0219474389223	4
4297	465604	69375.88074408207	22.77215576171875	2940.0219474389223	4
4298	465712	69375.88074408207	22.77215576171875	2940.0219474389223	4
4299	465820	69375.88074408207	22.77215576171875	2940.0219474389223	4
4300	465928	69375.88074408207	22.77215576171875	2940.0219474389223	4
4301	466036	69375.88074408207	22.77215576171875	2940.0219474389223	4
4302	466144	69375.88074408207	22.77215576171875	2940.0219474389223	4
4303	466252	69375.88074408207	22.77215576171875	2940.0219474389223	4
4304	466360	69375.88074408207	22.77215576171875	2940.0219474389223	4
4305	466468	69375.88074408207	22.77215576171875	2940.0219474389223	4
4306	466576	69375.88074408207	22.77215576171875	2940.0219474389223	4
4307	466684	69375.88074408207	22.77215576171875	2940.0219474389223	4
4308	466792	69375.88074408207	22.77215576171875	2940.0219474389223	4
4309	466900	69375.88074408207	22.77215576171875	2940.0219474389223	4
4310	467008	69375.88074408207	22.77215576171875	2940.0219474389223	4
4311	467116	69375.88074408207	22.77215576171875	2940.0219474389223	4
4312	467224	69375.88074408207	22.77215576171875	2940.0219474389223	4
4313	467332	69375.88074408207	22.77215576171875	2940.0219474389223	4
4314	467440	69375.88074408207	22.77215576171875	2940.0219474389223	4
4315	467548	69375.88074408207	22.77215576171875	2940.0219474389223	4
4316	467656	69375.88074408207	22.77215576171875	2940.0219474389223	4
4317	467764	69375.88074408207	22.77215576171875	2940.0219474389223	4
4318	467872	69375.88074408207	22.77215576171875	2940.0219474389223	4
4319	467980	69375.88074408207	22.77215576171875	2940.0219474389223	4
4320	468088	69375.88074408207	22.77215576171875	2940.0219474389223	4
4321	468196	69375.88074408207	22.77215576171875	2940.0219474389223	4
4322	468304	69375.88074408207	22.77215576171875	2940.0219474389223	4
4323	468412	69375.88074408207	22.77215576171875	2940.0219474389223	4
4324	468520	69375.88074408207	22.77215576171875	2940.0219474389223	4
4325	468628	69375.88074408207	22.77215576171875	2940.0219474389223	4
4326	468736	69375.88074408207	22.77215576171875	2940.0219474389223	4
4327	468844	69375.88074408207	22.77215576171875	2940.0219474389223	4
4328	468952	69375.88074408207	22.77215576171875	2940.0219474389223	4
4329	469060	69375.88074408207	22.77215576171875	2940.0219474389223	4
4330	469168	69375.88074408207	22.77215576171875	2940.0219474389223	4
4331	469276	69375.88074408207	22.77215576171875	2940.0219474389223	4
4332	469384	69375.88074408207	22.77215576171875	2940.0219474389223	4
4333	469492	69375.88074408207	22.77215576171875	2940.0219474389223	4
4334	469600	69375.88074408207	22.77215576171875	2940.0219474389223	4
4335	469708	69375.88074408207	22.77215576171875	2940.0219474389223	4
4336	469816	69375.88074408207	22.77215576171875	2940.0219474389223	4
4337	469924	69375.88074408207	22.77215576171875	2940.0219474389223	4
4338	470032	69375.88074408207	22.77215576171875	2940.0219474389223	4
4339	470140	69375.88074408207	22.77215576171875	2940.0219474389223	4
4340	470248	69375.88074408207	22.77215576171875	2940.0219474389223	4
4341	470356	69375.88074408207	22.77215576171875	2940.0219474389223	4
4342	470464	69375.88074408207	22.77215576171875	2940.0219474389223	4
4343	470572	69375.88074408207	22.77215576171875	2940.0219474389223	4
4344	470680	69375.88074408207	22.77215576171875	2940.0219474389223	4
4345	470788	69375.88074408207	22.77215576171875	2940.0219474389223	4
4346	470896	69375.88074408207	22.77215576171875	2940.0219474389223	4
4347	471004	69375.88074408207	22.77215576171875	2940.0219474389223	4
4348	471112	69375.88074408207	22.77215576171875	2940.0219474389223	4
4349	471220	69375.88074408207	22.77215576171875	2940.0219474389223	4
4350	471328	69375.88074408207	22.77215576171875	2940.0219474389223	4
4351	471436	69375.88074408207	22.77215576171875	2940.0219474389223	4
4352	471544	69375.88074408207	22.77215576171875	2940.0219474389223	4
4353	471652	69375.88074408207	22.77215576171875	2940.0219474389223	4
4354	471760	69375.88074408207	22.77215576171875	2940.0219474389223	4
4355	471868	69375.88074408207	22.77215576171875	2940.0219474389223	4
4357	472084	69375.88074408207	22.77215576171875	2940.0219474389223	4
4358	472192	69375.88074408207	22.77215576171875	2940.0219474389223	4
4359	472300	69375.88074408207	22.77215576171875	2940.0219474389223	4
4360	472408	69375.88074408207	22.77215576171875	2940.0219474389223	4
4361	472516	69375.88074408207	22.77215576171875	2940.0219474389223	4
4362	472624	69375.88074408207	22.77215576171875	2940.0219474389223	4
4363	472732	69375.88074408207	22.77215576171875	2940.0219474389223	4
4364	472840	69375.88074408207	22.77215576171875	2940.0219474389223	4
4365	472948	69375.88074408207	22.77215576171875	2940.0219474389223	4
4366	473056	69375.88074408207	22.77215576171875	2940.0219474389223	4
4367	473164	69375.88074408207	22.77215576171875	2940.0219474389223	4
4368	473272	69375.88074408207	22.77215576171875	2940.0219474389223	4
4369	473380	69375.88074408207	22.77215576171875	2940.0219474389223	4
4370	473488	69375.88074408207	22.77215576171875	2940.0219474389223	4
4371	473596	69375.88074408207	22.77215576171875	2940.0219474389223	4
4372	473704	69375.88074408207	22.77215576171875	2940.0219474389223	4
4373	473812	69375.88074408207	22.77215576171875	2940.0219474389223	4
4374	473920	69375.88074408207	22.77215576171875	2940.0219474389223	4
4375	474028	69375.88074408207	22.77215576171875	2940.0219474389223	4
4376	474136	69375.88074408207	22.77215576171875	2940.0219474389223	4
4377	474244	69375.88074408207	22.77215576171875	2940.0219474389223	4
4378	474352	69375.88074408207	22.77215576171875	2940.0219474389223	4
4379	474460	69375.88074408207	22.77215576171875	2940.0219474389223	4
4380	474568	69375.88074408207	22.77215576171875	2940.0219474389223	4
4382	474784	69375.88074408207	22.77215576171875	2940.0219474389223	4
4383	474892	69375.88074408207	22.77215576171875	2940.0219474389223	4
4384	475000	69375.88074408207	22.77215576171875	2940.0219474389223	4
4385	475108	69375.88074408207	22.77215576171875	2940.0219474389223	4
4386	475216	69375.88074408207	22.77215576171875	2940.0219474389223	4
4387	475324	69375.88074408207	22.77215576171875	2940.0219474389223	4
4393	475972	69375.88074408207	22.77215576171875	2940.0219474389223	4
4395	476188	69375.88074408207	22.77215576171875	2940.0219474389223	4
4396	476296	69375.88074408207	22.77215576171875	2940.0219474389223	4
4398	476512	69375.88074408207	22.77215576171875	2940.0219474389223	4
4399	476620	69375.88074408207	22.77215576171875	2940.0219474389223	4
4400	476728	69375.88074408207	22.77215576171875	2940.0219474389223	4
4401	476836	69375.88074408207	22.77215576171875	2940.0219474389223	4
4402	476944	69375.88074408207	22.77215576171875	2940.0219474389223	4
4403	477052	69375.88074408207	22.77215576171875	2940.0219474389223	4
4404	477160	69375.88074408207	22.77215576171875	2940.0219474389223	4
4405	477268	69375.88074408207	22.77215576171875	2940.0219474389223	4
4406	477376	69375.88074408207	22.77215576171875	2940.0219474389223	4
4407	477484	69375.88074408207	22.77215576171875	2940.0219474389223	4
4408	477592	69375.88074408207	22.77215576171875	2940.0219474389223	4
4409	477700	69375.88074408207	22.77215576171875	2940.0219474389223	4
4410	477808	69375.88074408207	22.77215576171875	2940.0219474389223	4
4411	477916	69375.88074408207	22.77215576171875	2940.0219474389223	4
4412	478024	69375.88074408207	22.77215576171875	2940.0219474389223	4
4414	478240	69375.88074408207	22.77215576171875	2940.0219474389223	4
4415	478348	69375.88074408207	22.77215576171875	2940.0219474389223	4
4416	478456	69375.88074408207	22.77215576171875	2940.0219474389223	4
4417	478564	69375.88074408207	22.77215576171875	2940.0219474389223	4
4418	478672	69375.88074408207	22.77215576171875	2940.0219474389223	4
4419	478780	69375.88074408207	22.77215576171875	2940.0219474389223	4
4420	478888	69375.88074408207	22.77215576171875	2940.0219474389223	4
4421	478996	69375.88074408207	22.77215576171875	2940.0219474389223	4
4423	479212	69375.88074408207	22.77215576171875	2940.0219474389223	4
4425	479428	69375.88074408207	22.77215576171875	2940.0219474389223	4
4426	479536	69375.88074408207	22.77215576171875	2940.0219474389223	4
4428	479752	69375.88074408207	22.77215576171875	2940.0219474389223	4
4430	479968	69375.88074408207	22.77215576171875	2940.0219474389223	4
4431	480076	69375.88074408207	22.77215576171875	2940.0219474389223	4
4432	480184	69375.88074408207	22.77215576171875	2940.0219474389223	4
4433	480292	69375.88074408207	22.77215576171875	2940.0219474389223	4
4434	480400	69375.88074408207	22.77215576171875	2940.0219474389223	4
4435	480508	69375.88074408207	22.77215576171875	2940.0219474389223	4
4436	480616	69375.88074408207	22.77215576171875	2940.0219474389223	4
4437	480724	69375.88074408207	22.77215576171875	2940.0219474389223	4
4438	480832	69375.88074408207	22.77215576171875	2940.0219474389223	4
4439	480940	69375.88074408207	22.77215576171875	2940.0219474389223	4
4440	481048	69375.88074408207	22.77215576171875	2940.0219474389223	4
4441	481156	69375.88074408207	22.77215576171875	2940.0219474389223	4
4444	481480	69375.88074408207	22.77215576171875	2940.0219474389223	4
4445	481588	69375.88074408207	22.77215576171875	2940.0219474389223	4
4446	481696	69375.88074408207	22.77215576171875	2940.0219474389223	4
4448	481912	69375.88074408207	22.77215576171875	2940.0219474389223	4
4449	482020	69375.88074408207	22.77215576171875	2940.0219474389223	4
4450	482128	69375.88074408207	22.77215576171875	2940.0219474389223	4
4452	482344	69375.88074408207	22.77215576171875	2940.0219474389223	4
4453	482452	69375.88074408207	22.77215576171875	2940.0219474389223	4
4454	482560	69375.88074408207	22.77215576171875	2940.0219474389223	4
4455	482668	69375.88074408207	22.77215576171875	2940.0219474389223	4
4456	482776	69375.88074408207	22.77215576171875	2940.0219474389223	4
4457	482884	69375.88074408207	22.77215576171875	2940.0219474389223	4
4458	482992	69375.88074408207	22.77215576171875	2940.0219474389223	4
4459	483100	69375.88074408207	22.77215576171875	2940.0219474389223	4
4460	483208	69375.88074408207	22.77215576171875	2940.0219474389223	4
4462	483424	69375.88074408207	22.77215576171875	2940.0219474389223	4
4463	483532	69375.88074408207	22.77215576171875	2940.0219474389223	4
4464	483640	69375.88074408207	22.77215576171875	2940.0219474389223	4
4465	483748	69375.88074408207	22.77215576171875	2940.0219474389223	4
4466	483856	69375.88074408207	22.77215576171875	2940.0219474389223	4
4467	483964	69375.88074408207	22.77215576171875	2940.0219474389223	4
4468	484072	69375.88074408207	22.77215576171875	2940.0219474389223	4
4469	484180	69375.88074408207	22.77215576171875	2940.0219474389223	4
4470	484288	69375.88074408207	22.77215576171875	2940.0219474389223	4
4471	484396	69375.88074408207	22.77215576171875	2940.0219474389223	4
4472	484504	69375.88074408207	22.77215576171875	2940.0219474389223	4
4473	484612	69375.88074408207	22.77215576171875	2940.0219474389223	4
4474	484720	69375.88074408207	22.77215576171875	2940.0219474389223	4
4475	484828	69375.88074408207	22.77215576171875	2940.0219474389223	4
4476	484936	69375.88074408207	22.77215576171875	2940.0219474389223	4
4477	485044	69375.88074408207	22.77215576171875	2940.0219474389223	4
4479	485260	69375.88074408207	22.77215576171875	2940.0219474389223	4
4480	485368	69375.88074408207	22.77215576171875	2940.0219474389223	4
4481	485476	69375.88074408207	22.77215576171875	2940.0219474389223	4
4483	485692	69375.88074408207	22.77215576171875	2940.0219474389223	4
4484	485800	69375.88074408207	22.77215576171875	2940.0219474389223	4
4485	485908	69375.88074408207	22.77215576171875	2940.0219474389223	4
4486	486016	69375.88074408207	22.77215576171875	2940.0219474389223	4
4488	486232	69375.88074408207	22.77215576171875	2940.0219474389223	4
4489	486340	69375.88074408207	22.77215576171875	2940.0219474389223	4
4490	486448	69375.88074408207	22.77215576171875	2940.0219474389223	4
4491	486556	69375.88074408207	22.77215576171875	2940.0219474389223	4
4492	486664	69375.88074408207	22.77215576171875	2940.0219474389223	4
4494	486880	69375.88074408207	22.77215576171875	2940.0219474389223	4
4495	486988	69375.88074408207	22.77215576171875	2940.0219474389223	4
4496	487096	69375.88074408207	22.77215576171875	2940.0219474389223	4
4497	487204	69375.88074408207	22.77215576171875	2940.0219474389223	4
4498	487312	69375.88074408207	22.77215576171875	2940.0219474389223	4
4499	487420	69375.88074408207	22.77215576171875	2940.0219474389223	4
4500	487528	69375.88074408207	22.77215576171875	2940.0219474389223	4
4501	487636	69375.88074408207	22.77215576171875	2940.0219474389223	4
4502	487744	69375.88074408207	22.77215576171875	2940.0219474389223	4
4503	487852	69375.88074408207	22.77215576171875	2940.0219474389223	4
4504	487960	69375.88074408207	22.77215576171875	2940.0219474389223	4
4505	488068	69375.88074408207	22.77215576171875	2940.0219474389223	4
4506	488176	69375.88074408207	22.77215576171875	2940.0219474389223	4
4507	488284	69375.88074408207	22.77215576171875	2940.0219474389223	4
4508	488392	69375.88074408207	22.77215576171875	2940.0219474389223	4
4509	488500	69375.88074408207	22.77215576171875	2940.0219474389223	4
4510	488608	69375.88074408207	22.77215576171875	2940.0219474389223	4
4511	488716	69375.88074408207	22.77215576171875	2940.0219474389223	4
4513	488932	69375.88074408207	22.77215576171875	2940.0219474389223	4
4514	489040	69375.88074408207	22.77215576171875	2940.0219474389223	4
4515	489148	69375.88074408207	22.77215576171875	2940.0219474389223	4
4516	489256	69375.88074408207	22.77215576171875	2940.0219474389223	4
4517	489364	69375.88074408207	22.77215576171875	2940.0219474389223	4
4518	489472	69375.88074408207	22.77215576171875	2940.0219474389223	4
4519	489580	69375.88074408207	22.77215576171875	2940.0219474389223	4
4520	489688	69375.88074408207	22.77215576171875	2940.0219474389223	4
4521	489796	69375.88074408207	22.77215576171875	2940.0219474389223	4
4522	489904	69375.88074408207	22.77215576171875	2940.0219474389223	4
4524	490120	69375.88074408207	22.77215576171875	2940.0219474389223	4
4528	490552	69375.88074408207	22.77215576171875	2940.0219474389223	4
4529	490660	69375.88074408207	22.77215576171875	2940.0219474389223	4
4530	490768	69375.88074408207	22.77215576171875	2940.0219474389223	4
4535	491308	69375.88074408207	22.77215576171875	2940.0219474389223	4
4536	491416	69375.88074408207	22.77215576171875	2940.0219474389223	4
4538	491632	69375.88074408207	22.77215576171875	2940.0219474389223	4
4539	491740	69375.88074408207	22.77215576171875	2940.0219474389223	4
4540	491848	69375.88074408207	22.77215576171875	2940.0219474389223	4
4541	491956	69375.88074408207	22.77215576171875	2940.0219474389223	4
4542	492064	69375.88074408207	22.77215576171875	2940.0219474389223	4
4543	492172	69375.88074408207	22.77215576171875	2940.0219474389223	4
4546	492496	69375.88074408207	22.77215576171875	2940.0219474389223	4
4547	492604	69375.88074408207	22.77215576171875	2940.0219474389223	4
4548	492712	69375.88074408207	22.77215576171875	2940.0219474389223	4
4549	492820	69375.88074408207	22.77215576171875	2940.0219474389223	4
4550	492928	69375.88074408207	22.77215576171875	2940.0219474389223	4
4551	493036	69375.88074408207	22.77215576171875	2940.0219474389223	4
4552	493144	69375.88074408207	22.77215576171875	2940.0219474389223	4
4553	493252	69375.88074408207	22.77215576171875	2940.0219474389223	4
4554	493360	69375.88074408207	22.77215576171875	2940.0219474389223	4
4555	493468	69375.88074408207	22.77215576171875	2940.0219474389223	4
4556	493576	69375.88074408207	22.77215576171875	2940.0219474389223	4
4557	493684	69375.88074408207	22.77215576171875	2940.0219474389223	4
4558	493792	69375.88074408207	22.77215576171875	2940.0219474389223	4
4559	493900	69375.88074408207	22.77215576171875	2940.0219474389223	4
4560	494008	69375.88074408207	22.77215576171875	2940.0219474389223	4
4562	494224	69375.88074408207	22.77215576171875	2940.0219474389223	4
4564	494440	69375.88074408207	22.77215576171875	2940.0219474389223	4
4566	494656	69375.88074408207	22.77215576171875	2940.0219474389223	4
4567	494764	69375.88074408207	22.77215576171875	2940.0219474389223	4
4568	494872	69375.88074408207	22.77215576171875	2940.0219474389223	4
4569	494980	69375.88074408207	22.77215576171875	2940.0219474389223	4
4570	495088	69375.88074408207	22.77215576171875	2940.0219474389223	4
4571	495196	69375.88074408207	22.77215576171875	2940.0219474389223	4
4572	495304	69375.88074408207	22.77215576171875	2940.0219474389223	4
4573	495412	69375.88074408207	22.77215576171875	2940.0219474389223	4
4575	495628	69375.88074408207	22.77215576171875	2940.0219474389223	4
4576	495736	69375.88074408207	22.77215576171875	2940.0219474389223	4
4580	496168	69375.88074408207	22.77215576171875	2940.0219474389223	4
4581	496276	69375.88074408207	22.77215576171875	2940.0219474389223	4
4583	496492	69375.88074408207	22.77215576171875	2940.0219474389223	4
4585	496708	69375.88074408207	22.77215576171875	2940.0219474389223	4
4586	496816	69375.88074408207	22.77215576171875	2940.0219474389223	4
4587	496924	69375.88074408207	22.77215576171875	2940.0219474389223	4
4589	497140	69375.88074408207	22.77215576171875	2940.0219474389223	4
4590	497248	69375.88074408207	22.77215576171875	2940.0219474389223	4
4591	497356	69375.88074408207	22.77215576171875	2940.0219474389223	4
4592	497464	69375.88074408207	22.77215576171875	2940.0219474389223	4
4593	497572	69375.88074408207	22.77215576171875	2940.0219474389223	4
4594	497680	69375.88074408207	22.77215576171875	2940.0219474389223	4
4595	497788	69375.88074408207	22.77215576171875	2940.0219474389223	4
4596	497896	69375.88074408207	22.77215576171875	2940.0219474389223	4
4597	498004	69375.88074408207	22.77215576171875	2940.0219474389223	4
4598	498112	69375.88074408207	22.77215576171875	2940.0219474389223	4
4599	498220	69375.88074408207	22.77215576171875	2940.0219474389223	4
4600	498328	69375.88074408207	22.77215576171875	2940.0219474389223	4
4601	498436	69375.88074408207	22.77215576171875	2940.0219474389223	4
4602	498544	69375.88074408207	22.77215576171875	2940.0219474389223	4
4603	498652	69375.88074408207	22.77215576171875	2940.0219474389223	4
4604	498760	69375.88074408207	22.77215576171875	2940.0219474389223	4
4605	498868	69375.88074408207	22.77215576171875	2940.0219474389223	4
4606	498976	69375.88074408207	22.77215576171875	2940.0219474389223	4
4607	499084	69375.88074408207	22.77215576171875	2940.0219474389223	4
4608	499192	69375.88074408207	22.77215576171875	2940.0219474389223	4
4610	499408	69375.88074408207	22.77215576171875	2940.0219474389223	4
4611	499516	69375.88074408207	22.77215576171875	2940.0219474389223	4
4612	499624	69375.88074408207	22.77215576171875	2940.0219474389223	4
4613	499732	69375.88074408207	22.77215576171875	2940.0219474389223	4
4614	499840	69375.88074408207	22.77215576171875	2940.0219474389223	4
4615	499948	69375.88074408207	22.77215576171875	2940.0219474389223	4
4616	500056	69375.88074408207	22.77215576171875	2940.0219474389223	4
4617	500164	69375.88074408207	22.77215576171875	2940.0219474389223	4
4618	500272	69375.88074408207	22.77215576171875	2940.0219474389223	4
4619	500380	69375.88074408207	22.77215576171875	2940.0219474389223	4
4620	500488	69375.88074408207	22.77215576171875	2940.0219474389223	4
4621	500596	69375.88074408207	22.77215576171875	2940.0219474389223	4
4622	500704	69375.88074408207	22.77215576171875	2940.0219474389223	4
4623	500812	69375.88074408207	22.77215576171875	2940.0219474389223	4
4624	500920	69375.88074408207	22.77215576171875	2940.0219474389223	4
4626	501136	69375.88074408207	22.77215576171875	2940.0219474389223	4
4627	501244	69375.88074408207	22.77215576171875	2940.0219474389223	4
4628	501352	69375.88074408207	22.77215576171875	2940.0219474389223	4
4629	501460	69375.88074408207	22.77215576171875	2940.0219474389223	4
4630	501568	69375.88074408207	22.77215576171875	2940.0219474389223	4
4631	501676	69375.88074408207	22.77215576171875	2940.0219474389223	4
4632	501784	69375.88074408207	22.77215576171875	2940.0219474389223	4
4633	501892	69375.88074408207	22.77215576171875	2940.0219474389223	4
4635	502108	69375.88074408207	22.77215576171875	2940.0219474389223	4
4636	502216	69375.88074408207	22.77215576171875	2940.0219474389223	4
4637	502324	69375.88074408207	22.77215576171875	2940.0219474389223	4
4639	502540	69375.88074408207	22.77215576171875	2940.0219474389223	4
4640	502648	69375.88074408207	22.77215576171875	2940.0219474389223	4
4641	502756	69375.88074408207	22.77215576171875	2940.0219474389223	4
4643	502972	69375.88074408207	22.77215576171875	2940.0219474389223	4
4644	503080	69375.88074408207	22.77215576171875	2940.0219474389223	4
4645	503188	69375.88074408207	22.77215576171875	2940.0219474389223	4
4646	503296	69375.88074408207	22.77215576171875	2940.0219474389223	4
4647	503404	69375.88074408207	22.77215576171875	2940.0219474389223	4
4648	503512	69375.88074408207	22.77215576171875	2940.0219474389223	4
4649	503620	69375.88074408207	22.77215576171875	2940.0219474389223	4
4650	503728	69375.88074408207	22.77215576171875	2940.0219474389223	4
4651	503836	69375.88074408207	22.77215576171875	2940.0219474389223	4
4652	503944	69375.88074408207	22.77215576171875	2940.0219474389223	4
4653	504052	69375.88074408207	22.77215576171875	2940.0219474389223	4
4654	504160	69375.88074408207	22.77215576171875	2940.0219474389223	4
4655	504268	69375.88074408207	22.77215576171875	2940.0219474389223	4
4656	504376	69375.88074408207	22.77215576171875	2940.0219474389223	4
4657	504484	69375.88074408207	22.77215576171875	2940.0219474389223	4
4658	504592	69375.88074408207	22.77215576171875	2940.0219474389223	4
4659	504700	69375.88074408207	22.77215576171875	2940.0219474389223	4
4660	504808	69375.88074408207	22.77215576171875	2940.0219474389223	4
4661	504916	69375.88074408207	22.77215576171875	2940.0219474389223	4
4662	505024	69375.88074408207	22.77215576171875	2940.0219474389223	4
4664	505240	69375.88074408207	22.77215576171875	2940.0219474389223	4
4665	505348	69375.88074408207	22.77215576171875	2940.0219474389223	4
4666	505456	69375.88074408207	22.77215576171875	2940.0219474389223	4
4667	505564	69375.88074408207	22.77215576171875	2940.0219474389223	4
4668	505672	69375.88074408207	22.77215576171875	2940.0219474389223	4
4669	505780	69375.88074408207	22.77215576171875	2940.0219474389223	4
4670	505888	69375.88074408207	22.77215576171875	2940.0219474389223	4
4671	505996	69375.88074408207	22.77215576171875	2940.0219474389223	4
4672	506104	69375.88074408207	22.77215576171875	2940.0219474389223	4
4673	506212	69375.88074408207	22.77215576171875	2940.0219474389223	4
4674	506320	69375.88074408207	22.77215576171875	2940.0219474389223	4
4676	506536	69375.88074408207	22.77215576171875	2940.0219474389223	4
4677	506644	69375.88074408207	22.77215576171875	2940.0219474389223	4
4678	506752	69375.88074408207	22.77215576171875	2940.0219474389223	4
4679	506860	69375.88074408207	22.77215576171875	2940.0219474389223	4
4680	506968	69375.88074408207	22.77215576171875	2940.0219474389223	4
4681	507076	69375.88074408207	22.77215576171875	2940.0219474389223	4
4682	507184	69375.88074408207	22.77215576171875	2940.0219474389223	4
4683	507292	69375.88074408207	22.77215576171875	2940.0219474389223	4
4684	507400	69375.88074408207	22.77215576171875	2940.0219474389223	4
4685	507508	69375.88074408207	22.77215576171875	2940.0219474389223	4
4686	507616	69375.88074408207	22.77215576171875	2940.0219474389223	4
4687	507724	69375.88074408207	22.77215576171875	2940.0219474389223	4
4688	507832	69375.88074408207	22.77215576171875	2940.0219474389223	4
4689	507940	69375.88074408207	22.77215576171875	2940.0219474389223	4
4690	508048	69375.88074408207	22.77215576171875	2940.0219474389223	4
4691	508156	69375.88074408207	22.77215576171875	2940.0219474389223	4
4693	508372	69375.88074408207	22.77215576171875	2940.0219474389223	4
4694	508480	69375.88074408207	22.77215576171875	2940.0219474389223	4
4700	509128	69375.88074408207	22.77215576171875	2940.0219474389223	4
4701	509236	69375.88074408207	22.77215576171875	2940.0219474389223	4
4702	509344	69375.88074408207	22.77215576171875	2940.0219474389223	4
4703	509452	69375.88074408207	22.77215576171875	2940.0219474389223	4
4704	509560	69375.88074408207	22.77215576171875	2940.0219474389223	4
4705	509668	69375.88074408207	22.77215576171875	2940.0219474389223	4
4706	509776	69375.88074408207	22.77215576171875	2940.0219474389223	4
4707	509884	69375.88074408207	22.77215576171875	2940.0219474389223	4
4708	509992	69375.88074408207	22.77215576171875	2940.0219474389223	4
4709	510100	69375.88074408207	22.77215576171875	2940.0219474389223	4
4710	510208	69375.88074408207	22.77215576171875	2940.0219474389223	4
4711	510316	69375.88074408207	22.77215576171875	2940.0219474389223	4
4712	510424	69375.88074408207	22.77215576171875	2940.0219474389223	4
4713	510532	69375.88074408207	22.77215576171875	2940.0219474389223	4
4714	510640	69375.88074408207	22.77215576171875	2940.0219474389223	4
4715	510748	69375.88074408207	22.77215576171875	2940.0219474389223	4
4716	510856	69375.88074408207	22.77215576171875	2940.0219474389223	4
4718	511072	69375.88074408207	22.77215576171875	2940.0219474389223	4
4719	511180	69375.88074408207	22.77215576171875	2940.0219474389223	4
4720	511288	69375.88074408207	22.77215576171875	2940.0219474389223	4
4721	511396	69375.88074408207	22.77215576171875	2940.0219474389223	4
4723	511612	69375.88074408207	22.77215576171875	2940.0219474389223	4
4724	511720	69375.88074408207	22.77215576171875	2940.0219474389223	4
4725	511828	69375.88074408207	22.77215576171875	2940.0219474389223	4
4726	511936	69375.88074408207	22.77215576171875	2940.0219474389223	4
4727	512044	69375.88074408207	22.77215576171875	2940.0219474389223	4
4728	512152	69375.88074408207	22.77215576171875	2940.0219474389223	4
4729	512260	69375.88074408207	22.77215576171875	2940.0219474389223	4
4730	512368	69375.88074408207	22.77215576171875	2940.0219474389223	4
4731	512476	69375.88074408207	22.77215576171875	2940.0219474389223	4
4732	512584	69375.88074408207	22.77215576171875	2940.0219474389223	4
4733	512692	69375.88074408207	22.77215576171875	2940.0219474389223	4
4734	512800	69375.88074408207	22.77215576171875	2940.0219474389223	4
4735	512908	69375.88074408207	22.77215576171875	2940.0219474389223	4
4736	513016	69375.88074408207	22.77215576171875	2940.0219474389223	4
4737	513124	69375.88074408207	22.77215576171875	2940.0219474389223	4
4738	513232	69375.88074408207	22.77215576171875	2940.0219474389223	4
4739	513340	69375.88074408207	22.77215576171875	2940.0219474389223	4
4740	513448	69375.88074408207	22.77215576171875	2940.0219474389223	4
4741	513556	69375.88074408207	22.77215576171875	2940.0219474389223	4
4742	513664	69375.88074408207	22.77215576171875	2940.0219474389223	4
4743	513772	69375.88074408207	22.77215576171875	2940.0219474389223	4
4744	513880	69375.88074408207	22.77215576171875	2940.0219474389223	4
4745	513988	69375.88074408207	22.77215576171875	2940.0219474389223	4
4746	514096	69375.88074408207	22.77215576171875	2940.0219474389223	4
4747	514204	69375.88074408207	22.77215576171875	2940.0219474389223	4
4748	514312	69375.88074408207	22.77215576171875	2940.0219474389223	4
4749	514420	69375.88074408207	22.77215576171875	2940.0219474389223	4
4750	514528	69375.88074408207	22.77215576171875	2940.0219474389223	4
4751	514636	69375.88074408207	22.77215576171875	2940.0219474389223	4
4752	514744	69375.88074408207	22.77215576171875	2940.0219474389223	4
4753	514852	69375.88074408207	22.77215576171875	2940.0219474389223	4
4754	514960	69375.88074408207	22.77215576171875	2940.0219474389223	4
4755	515068	69375.88074408207	22.77215576171875	2940.0219474389223	4
4756	515176	69375.88074408207	22.77215576171875	2940.0219474389223	4
4757	515284	69375.88074408207	22.77215576171875	2940.0219474389223	4
4758	515392	69375.88074408207	22.77215576171875	2940.0219474389223	4
4759	515500	69375.88074408207	22.77215576171875	2940.0219474389223	4
4760	515608	69375.88074408207	22.77215576171875	2940.0219474389223	4
4761	515716	69375.88074408207	22.77215576171875	2940.0219474389223	4
4762	515824	69375.88074408207	22.77215576171875	2940.0219474389223	4
4763	515932	69375.88074408207	22.77215576171875	2940.0219474389223	4
4764	516040	69375.88074408207	22.77215576171875	2940.0219474389223	4
4765	516148	69375.88074408207	22.77215576171875	2940.0219474389223	4
4766	516256	69375.88074408207	22.77215576171875	2940.0219474389223	4
4767	516364	69375.88074408207	22.77215576171875	2940.0219474389223	4
4768	516472	69375.88074408207	22.77215576171875	2940.0219474389223	4
4769	516580	69375.88074408207	22.77215576171875	2940.0219474389223	4
4770	516688	69375.88074408207	22.77215576171875	2940.0219474389223	4
4771	516796	69375.88074408207	22.77215576171875	2940.0219474389223	4
4772	516904	69375.88074408207	22.77215576171875	2940.0219474389223	4
4773	517012	69375.88074408207	22.77215576171875	2940.0219474389223	4
4774	517120	69375.88074408207	22.77215576171875	2940.0219474389223	4
4775	517228	69375.88074408207	22.77215576171875	2940.0219474389223	4
4776	517336	69375.88074408207	22.77215576171875	2940.0219474389223	4
4777	517444	69375.88074408207	22.77215576171875	2940.0219474389223	4
4778	517552	69375.88074408207	22.77215576171875	2940.0219474389223	4
4779	517660	69375.88074408207	22.77215576171875	2940.0219474389223	4
4780	517768	69375.88074408207	22.77215576171875	2940.0219474389223	4
4781	517876	69375.88074408207	22.77215576171875	2940.0219474389223	4
4782	517984	69375.88074408207	22.77215576171875	2940.0219474389223	4
4783	518092	69375.88074408207	22.77215576171875	2940.0219474389223	4
4784	518200	69375.88074408207	22.77215576171875	2940.0219474389223	4
4785	518308	69375.88074408207	22.77215576171875	2940.0219474389223	4
4786	518416	69375.88074408207	22.77215576171875	2940.0219474389223	4
4787	518524	69375.88074408207	22.77215576171875	2940.0219474389223	4
4789	518740	69375.88074408207	22.77215576171875	2940.0219474389223	4
4790	518848	69375.88074408207	22.77215576171875	2940.0219474389223	4
4791	518956	69375.88074408207	22.77215576171875	2940.0219474389223	4
4792	519064	69375.88074408207	22.77215576171875	2940.0219474389223	4
4793	519172	69375.88074408207	22.77215576171875	2940.0219474389223	4
4794	519280	69375.88074408207	22.77215576171875	2940.0219474389223	4
4795	519388	69375.88074408207	22.77215576171875	2940.0219474389223	4
4796	519496	69375.88074408207	22.77215576171875	2940.0219474389223	4
4797	519604	69375.88074408207	22.77215576171875	2940.0219474389223	4
4798	519712	69375.88074408207	22.77215576171875	2940.0219474389223	4
4799	519820	69375.88074408207	22.77215576171875	2940.0219474389223	4
4800	519928	69375.88074408207	22.77215576171875	2940.0219474389223	4
4801	520036	69375.88074408207	22.77215576171875	2940.0219474389223	4
4802	520144	69375.88074408207	22.77215576171875	2940.0219474389223	4
4803	520252	69375.88074408207	22.77215576171875	2940.0219474389223	4
4804	520360	69375.88074408207	22.77215576171875	2940.0219474389223	4
4805	520468	69375.88074408207	22.77215576171875	2940.0219474389223	4
4808	520792	69375.88074408207	22.77215576171875	2940.0219474389223	4
4812	521224	69375.88074408207	22.77215576171875	2940.0219474389223	4
4816	521656	69375.88074408207	22.77215576171875	2940.0219474389223	4
4817	521764	69375.88074408207	22.77215576171875	2940.0219474389223	4
4818	521872	69375.88074408207	22.77215576171875	2940.0219474389223	4
4819	521980	69375.88074408207	22.77215576171875	2940.0219474389223	4
4821	522196	69375.88074408207	22.77215576171875	2940.0219474389223	4
4822	522304	69375.88074408207	22.77215576171875	2940.0219474389223	4
4823	522412	69375.88074408207	22.77215576171875	2940.0219474389223	4
4824	522520	69375.88074408207	22.77215576171875	2940.0219474389223	4
4826	522736	69375.88074408207	22.77215576171875	2940.0219474389223	4
4827	522844	69375.88074408207	22.77215576171875	2940.0219474389223	4
4828	522952	69375.88074408207	22.77215576171875	2940.0219474389223	4
4829	523060	69375.88074408207	22.77215576171875	2940.0219474389223	4
4830	523168	69375.88074408207	22.77215576171875	2940.0219474389223	4
4831	523276	69375.88074408207	22.77215576171875	2940.0219474389223	4
4832	523384	69375.88074408207	22.77215576171875	2940.0219474389223	4
4833	523492	69375.88074408207	22.77215576171875	2940.0219474389223	4
4834	523600	69375.88074408207	22.77215576171875	2940.0219474389223	4
4835	523708	69375.88074408207	22.77215576171875	2940.0219474389223	4
4836	523816	69375.88074408207	22.77215576171875	2940.0219474389223	4
4837	523924	69375.88074408207	22.77215576171875	2940.0219474389223	4
4838	524032	69375.88074408207	22.77215576171875	2940.0219474389223	4
4839	524140	69375.88074408207	22.77215576171875	2940.0219474389223	4
4840	524248	69375.88074408207	22.77215576171875	2940.0219474389223	4
4843	524572	69375.88074408207	22.77215576171875	2940.0219474389223	4
4844	524680	69375.88074408207	22.77215576171875	2940.0219474389223	4
4845	524788	69375.88074408207	22.77215576171875	2940.0219474389223	4
4846	524896	69375.88074408207	22.77215576171875	2940.0219474389223	4
4847	525004	69375.88074408207	22.77215576171875	2940.0219474389223	4
4848	525112	69375.88074408207	22.77215576171875	2940.0219474389223	4
4849	525220	69375.88074408207	22.77215576171875	2940.0219474389223	4
4850	525328	69375.88074408207	22.77215576171875	2940.0219474389223	4
4851	525436	69375.88074408207	22.77215576171875	2940.0219474389223	4
4852	525544	69375.88074408207	22.77215576171875	2940.0219474389223	4
4853	525652	69375.88074408207	22.77215576171875	2940.0219474389223	4
4854	525760	69375.88074408207	22.77215576171875	2940.0219474389223	4
4855	525868	69375.88074408207	22.77215576171875	2940.0219474389223	4
4856	525976	69375.88074408207	22.77215576171875	2940.0219474389223	4
4857	526084	69375.88074408207	22.77215576171875	2940.0219474389223	4
4858	526192	69375.88074408207	22.77215576171875	2940.0219474389223	4
4859	526300	69375.88074408207	22.77215576171875	2940.0219474389223	4
4860	526408	69375.88074408207	22.77215576171875	2940.0219474389223	4
4861	526516	69375.88074408207	22.77215576171875	2940.0219474389223	4
4862	526624	69375.88074408207	22.77215576171875	2940.0219474389223	4
4863	526732	69375.88074408207	22.77215576171875	2940.0219474389223	4
4864	526840	69375.88074408207	22.77215576171875	2940.0219474389223	4
4865	526948	69375.88074408207	22.77215576171875	2940.0219474389223	4
4866	527056	69375.88074408207	22.77215576171875	2940.0219474389223	4
4867	527164	69375.88074408207	22.77215576171875	2940.0219474389223	4
4868	527272	69375.88074408207	22.77215576171875	2940.0219474389223	4
4869	527380	69375.88074408207	22.77215576171875	2940.0219474389223	4
4871	527596	69375.88074408207	22.77215576171875	2940.0219474389223	4
4872	527704	69375.88074408207	22.77215576171875	2940.0219474389223	4
4873	527812	69375.88074408207	22.77215576171875	2940.0219474389223	4
4874	527920	69375.88074408207	22.77215576171875	2940.0219474389223	4
4876	528136	69375.88074408207	22.77215576171875	2940.0219474389223	4
4880	528568	69375.88074408207	22.77215576171875	2940.0219474389223	4
4882	528784	69375.88074408207	22.77215576171875	2940.0219474389223	4
4883	528892	69375.88074408207	22.77215576171875	2940.0219474389223	4
4884	529000	69375.88074408207	22.77215576171875	2940.0219474389223	4
4889	529540	69375.88074408207	22.77215576171875	2940.0219474389223	4
4890	529648	69375.88074408207	22.77215576171875	2940.0219474389223	4
4893	529972	69375.88074408207	22.77215576171875	2940.0219474389223	4
4894	530080	69375.88074408207	22.77215576171875	2940.0219474389223	4
4895	530188	69375.88074408207	22.77215576171875	2940.0219474389223	4
4896	530296	69375.88074408207	22.77215576171875	2940.0219474389223	4
4897	530404	69375.88074408207	22.77215576171875	2940.0219474389223	4
4898	530512	69375.88074408207	22.77215576171875	2940.0219474389223	4
4899	530620	69375.88074408207	22.77215576171875	2940.0219474389223	4
4900	530728	69375.88074408207	22.77215576171875	2940.0219474389223	4
4901	530836	69375.88074408207	22.77215576171875	2940.0219474389223	4
4902	530944	69375.88074408207	22.77215576171875	2940.0219474389223	4
4903	531052	69375.88074408207	22.77215576171875	2940.0219474389223	4
4904	531160	69375.88074408207	22.77215576171875	2940.0219474389223	4
4905	531268	69375.88074408207	22.77215576171875	2940.0219474389223	4
4906	531376	69375.88074408207	22.77215576171875	2940.0219474389223	4
4907	531484	69375.88074408207	22.77215576171875	2940.0219474389223	4
4908	531592	69375.88074408207	22.77215576171875	2940.0219474389223	4
4913	532132	69375.88074408207	22.77215576171875	2940.0219474389223	4
4914	532240	69375.88074408207	22.77215576171875	2940.0219474389223	4
4915	532348	69375.88074408207	22.77215576171875	2940.0219474389223	4
4916	532456	69375.88074408207	22.77215576171875	2940.0219474389223	4
4917	532564	69375.88074408207	22.77215576171875	2940.0219474389223	4
4918	532672	69375.88074408207	22.77215576171875	2940.0219474389223	4
4919	532780	69375.88074408207	22.77215576171875	2940.0219474389223	4
4920	532888	69375.88074408207	22.77215576171875	2940.0219474389223	4
4922	533104	69375.88074408207	22.77215576171875	2940.0219474389223	4
4923	533212	69375.88074408207	22.77215576171875	2940.0219474389223	4
4924	533320	69375.88074408207	22.77215576171875	2940.0219474389223	4
4925	533428	69375.88074408207	22.77215576171875	2940.0219474389223	4
4926	533536	69375.88074408207	22.77215576171875	2940.0219474389223	4
4927	533644	69375.88074408207	22.77215576171875	2940.0219474389223	4
4928	533752	69375.88074408207	22.77215576171875	2940.0219474389223	4
4930	533968	69375.88074408207	22.77215576171875	2940.0219474389223	4
4931	534076	69375.88074408207	22.77215576171875	2940.0219474389223	4
4932	534184	69375.88074408207	22.77215576171875	2940.0219474389223	4
4933	534292	69375.88074408207	22.77215576171875	2940.0219474389223	4
4934	534400	69375.88074408207	22.77215576171875	2940.0219474389223	4
4935	534508	69375.88074408207	22.77215576171875	2940.0219474389223	4
4936	534616	69375.88074408207	22.77215576171875	2940.0219474389223	4
4937	534724	69375.88074408207	22.77215576171875	2940.0219474389223	4
4939	534940	69375.88074408207	22.77215576171875	2940.0219474389223	4
4940	535048	69375.88074408207	22.77215576171875	2940.0219474389223	4
4941	535156	69375.88074408207	22.77215576171875	2940.0219474389223	4
4942	535264	69375.88074408207	22.77215576171875	2940.0219474389223	4
4943	535372	69375.88074408207	22.77215576171875	2940.0219474389223	4
4945	535588	69375.88074408207	22.77215576171875	2940.0219474389223	4
4946	535696	69375.88074408207	22.77215576171875	2940.0219474389223	4
4947	535804	69375.88074408207	22.77215576171875	2940.0219474389223	4
4948	535912	69375.88074408207	22.77215576171875	2940.0219474389223	4
4949	536020	69375.88074408207	22.77215576171875	2940.0219474389223	4
4950	536128	69375.88074408207	22.77215576171875	2940.0219474389223	4
4951	536236	69375.88074408207	22.77215576171875	2940.0219474389223	4
4952	536344	69375.88074408207	22.77215576171875	2940.0219474389223	4
4955	536668	69375.88074408207	22.77215576171875	2940.0219474389223	4
4956	536776	69375.88074408207	22.77215576171875	2940.0219474389223	4
4957	536884	69375.88074408207	22.77215576171875	2940.0219474389223	4
4958	536992	69375.88074408207	22.77215576171875	2940.0219474389223	4
4960	537208	69375.88074408207	22.77215576171875	2940.0219474389223	4
4962	537424	69375.88074408207	22.77215576171875	2940.0219474389223	4
4963	537532	69375.88074408207	22.77215576171875	2940.0219474389223	4
4965	537748	69375.88074408207	22.77215576171875	2940.0219474389223	4
4966	537856	69375.88074408207	22.77215576171875	2940.0219474389223	4
4967	537964	69375.88074408207	22.77215576171875	2940.0219474389223	4
4973	538612	69375.88074408207	22.77215576171875	2940.0219474389223	4
4974	538720	69375.88074408207	22.77215576171875	2940.0219474389223	4
4975	538828	69375.88074408207	22.77215576171875	2940.0219474389223	4
4976	538936	69375.88074408207	22.77215576171875	2940.0219474389223	4
4977	539044	69375.88074408207	22.77215576171875	2940.0219474389223	4
4978	539152	69375.88074408207	22.77215576171875	2940.0219474389223	4
4979	539260	69375.88074408207	22.77215576171875	2940.0219474389223	4
4981	539476	69375.88074408207	22.77215576171875	2940.0219474389223	4
4982	539584	69375.88074408207	22.77215576171875	2940.0219474389223	4
4983	539692	69375.88074408207	22.77215576171875	2940.0219474389223	4
4984	539800	69375.88074408207	22.77215576171875	2940.0219474389223	4
4985	539908	69375.88074408207	22.77215576171875	2940.0219474389223	4
4988	540232	69375.88074408207	22.77215576171875	2940.0219474389223	4
4989	540340	69375.88074408207	22.77215576171875	2940.0219474389223	4
4990	540448	69375.88074408207	22.77215576171875	2940.0219474389223	4
4992	540664	69375.88074408207	22.77215576171875	2940.0219474389223	4
4994	540880	69375.88074408207	22.77215576171875	2940.0219474389223	4
4995	540988	69375.88074408207	22.77215576171875	2940.0219474389223	4
4996	541096	69375.88074408207	22.77215576171875	2940.0219474389223	4
4997	541204	69375.88074408207	22.77215576171875	2940.0219474389223	4
4998	541312	69375.88074408207	22.77215576171875	2940.0219474389223	4
4999	541420	69375.88074408207	22.77215576171875	2940.0219474389223	4
5000	541528	69375.88074408207	22.77215576171875	2940.0219474389223	4
5001	541636	69375.88074408207	22.77215576171875	2940.0219474389223	4
5002	541744	69375.88074408207	22.77215576171875	2940.0219474389223	4
5003	541852	69375.88074408207	22.77215576171875	2940.0219474389223	4
5004	541960	69375.88074408207	22.77215576171875	2940.0219474389223	4
5005	542068	69375.88074408207	22.77215576171875	2940.0219474389223	4
5006	542176	69375.88074408207	22.77215576171875	2940.0219474389223	4
5007	542284	69375.88074408207	22.77215576171875	2940.0219474389223	4
5008	542392	69375.88074408207	22.77215576171875	2940.0219474389223	4
5009	542500	69375.88074408207	22.77215576171875	2940.0219474389223	4
5010	542608	69375.88074408207	22.77215576171875	2940.0219474389223	4
5011	542716	69375.88074408207	22.77215576171875	2940.0219474389223	4
5012	542824	69375.88074408207	22.77215576171875	2940.0219474389223	4
5013	542932	69375.88074408207	22.77215576171875	2940.0219474389223	4
5014	543040	69375.88074408207	22.77215576171875	2940.0219474389223	4
5015	543148	69375.88074408207	22.77215576171875	2940.0219474389223	4
5016	543256	69375.88074408207	22.77215576171875	2940.0219474389223	4
5017	543364	69375.88074408207	22.77215576171875	2940.0219474389223	4
5018	543472	69375.88074408207	22.77215576171875	2940.0219474389223	4
5019	543580	69375.88074408207	22.77215576171875	2940.0219474389223	4
5020	543688	69375.88074408207	22.77215576171875	2940.0219474389223	4
5021	543796	69375.88074408207	22.77215576171875	2940.0219474389223	4
5022	543904	69375.88074408207	22.77215576171875	2940.0219474389223	4
5023	544012	69375.88074408207	22.77215576171875	2940.0219474389223	4
5024	544120	69375.88074408207	22.77215576171875	2940.0219474389223	4
5025	544228	69375.88074408207	22.77215576171875	2940.0219474389223	4
5027	544444	69375.88074408207	22.77215576171875	2940.0219474389223	4
5028	544552	69375.88074408207	22.77215576171875	2940.0219474389223	4
5029	544660	69375.88074408207	22.77215576171875	2940.0219474389223	4
5033	545092	69375.88074408207	22.77215576171875	2940.0219474389223	4
5036	545416	69375.88074408207	22.77215576171875	2940.0219474389223	4
5037	545524	69375.88074408207	22.77215576171875	2940.0219474389223	4
5040	545848	69375.88074408207	22.77215576171875	2940.0219474389223	4
5042	546064	69375.88074408207	22.77215576171875	2940.0219474389223	4
5043	546172	69375.88074408207	22.77215576171875	2940.0219474389223	4
5044	546280	69375.88074408207	22.77215576171875	2940.0219474389223	4
5047	546604	69375.88074408207	22.77215576171875	2940.0219474389223	4
5049	546820	69375.88074408207	22.77215576171875	2940.0219474389223	4
5051	547036	69375.88074408207	22.77215576171875	2940.0219474389223	4
5053	547252	69375.88074408207	22.77215576171875	2940.0219474389223	4
5054	547360	69375.88074408207	22.77215576171875	2940.0219474389223	4
5055	547468	69375.88074408207	22.77215576171875	2940.0219474389223	4
5058	547792	69375.88074408207	22.77215576171875	2940.0219474389223	4
5059	547900	69375.88074408207	22.77215576171875	2940.0219474389223	4
5060	548008	69375.88074408207	22.77215576171875	2940.0219474389223	4
5063	548332	69375.88074408207	22.77215576171875	2940.0219474389223	4
5065	548548	69375.88074408207	22.77215576171875	2940.0219474389223	4
5067	548764	69375.88074408207	22.77215576171875	2940.0219474389223	4
5068	548872	69375.88074408207	22.77215576171875	2940.0219474389223	4
5069	548980	69375.88074408207	22.77215576171875	2940.0219474389223	4
5070	549088	69375.88074408207	22.77215576171875	2940.0219474389223	4
5072	549304	69375.88074408207	22.77215576171875	2940.0219474389223	4
5073	549412	69375.88074408207	22.77215576171875	2940.0219474389223	4
5076	549736	69375.88074408207	22.77215576171875	2940.0219474389223	4
5077	549844	69375.88074408207	22.77215576171875	2940.0219474389223	4
5079	550060	69375.88074408207	22.77215576171875	2940.0219474389223	4
5080	550168	69375.88074408207	22.77215576171875	2940.0219474389223	4
5081	550276	69375.88074408207	22.77215576171875	2940.0219474389223	4
5082	550384	69375.88074408207	22.77215576171875	2940.0219474389223	4
5084	550600	69375.88074408207	22.77215576171875	2940.0219474389223	4
5085	550708	69375.88074408207	22.77215576171875	2940.0219474389223	4
5086	550816	69375.88074408207	22.77215576171875	2940.0219474389223	4
5087	550924	69375.88074408207	22.77215576171875	2940.0219474389223	4
5088	551032	69375.88074408207	22.77215576171875	2940.0219474389223	4
5089	551140	69375.88074408207	22.77215576171875	2940.0219474389223	4
5093	551572	69375.88074408207	22.77215576171875	2940.0219474389223	4
5094	551680	69375.88074408207	22.77215576171875	2940.0219474389223	4
5095	551788	69375.88074408207	22.77215576171875	2940.0219474389223	4
5097	552004	69375.88074408207	22.77215576171875	2940.0219474389223	4
5098	552112	69375.88074408207	22.77215576171875	2940.0219474389223	4
5099	552220	69375.88074408207	22.77215576171875	2940.0219474389223	4
5102	552544	69375.88074408207	22.77215576171875	2940.0219474389223	4
5103	552652	69375.88074408207	22.77215576171875	2940.0219474389223	4
5104	552760	69375.88074408207	22.77215576171875	2940.0219474389223	4
5105	552868	69375.88074408207	22.77215576171875	2940.0219474389223	4
5108	553192	69375.88074408207	22.77215576171875	2940.0219474389223	4
5109	553300	69375.88074408207	22.77215576171875	2940.0219474389223	4
5110	553408	69375.88074408207	22.77215576171875	2940.0219474389223	4
5112	553624	69375.88074408207	22.77215576171875	2940.0219474389223	4
5113	553732	69375.88074408207	22.77215576171875	2940.0219474389223	4
5115	553948	69375.88074408207	22.77215576171875	2940.0219474389223	4
5116	554056	69375.88074408207	22.77215576171875	2940.0219474389223	4
5117	554164	69375.88074408207	22.77215576171875	2940.0219474389223	4
5118	554272	69375.88074408207	22.77215576171875	2940.0219474389223	4
5119	554380	69375.88074408207	22.77215576171875	2940.0219474389223	4
5120	554488	69375.88074408207	22.77215576171875	2940.0219474389223	4
5121	554596	69375.88074408207	22.77215576171875	2940.0219474389223	4
5122	554704	69375.88074408207	22.77215576171875	2940.0219474389223	4
5123	554812	69375.88074408207	22.77215576171875	2940.0219474389223	4
5124	554920	69375.88074408207	22.77215576171875	2940.0219474389223	4
