Номер пакета	Время	Широта	Долгота	Высота	fix GPS
18385	1986.81103515625	0.0	0.0	170.8000030517578	1
18386	1986.9189453125	0.0	0.0	170.8000030517578	1
18387	1987.0269775390625	-0.3797471523284912	0.4256831407546997	170.8000030517578	1
18388	1987.135009765625	-0.3797471523284912	0.4256831407546997	170.8000030517578	1
18389	1987.2430419921875	-0.3797471523284912	0.4256831407546997	170.8000030517578	1
18390	1987.3509521484375	-0.3797471523284912	0.4256831407546997	170.8000030517578	1
18391	1987.458984375	-0.3797471523284912	0.4256831407546997	170.8000030517578	1
18392	1987.5670166015625	-0.3797471523284912	0.4256831407546997	170.8000030517578	1
18393	1987.675048828125	-0.3797471523284912	0.4256831407546997	170.8000030517578	1
18394	1987.782958984375	-0.3797471523284912	0.4256831407546997	170.8000030517578	1
18395	1987.8909912109375	-0.3797471523284912	0.4256831407546997	170.8000030517578	1
18396	1987.9990234375	-0.3797471523284912	0.4256831407546997	170.8000030517578	1
18397	1988.1070556640625	-0.7594943046569824	0.4256831705570221	171.1999969482422	1
18398	1988.2149658203125	-0.7594943046569824	0.4256831705570221	171.1999969482422	1
18399	1988.322998046875	-0.7594943046569824	0.4256831705570221	171.1999969482422	1
18400	1988.4310302734375	-0.7594943046569824	0.4256831705570221	171.1999969482422	1
18401	1988.5389404296875	-0.7594943046569824	0.4256831705570221	171.1999969482422	1
18402	1988.64697265625	-0.7594943046569824	0.4256831705570221	171.1999969482422	1
18403	1988.7550048828125	-0.7594943046569824	0.4256831705570221	171.1999969482422	1
18404	1988.863037109375	-0.7594943046569824	0.4256831705570221	171.1999969482422	1
18405	1988.970947265625	-0.7594943046569824	0.4256831705570221	171.1999969482422	1
18406	1989.0789794921875	-1.5189886093139648	0.42568325996398926	171.3000030517578	1
18407	1989.18701171875	-1.5189886093139648	0.42568325996398926	171.3000030517578	1
18408	1989.2950439453125	-1.5189886093139648	0.42568325996398926	171.3000030517578	1
18409	1989.4029541015625	-1.5189886093139648	0.42568325996398926	171.3000030517578	1
18410	1989.510986328125	-1.5189886093139648	0.42568325996398926	171.3000030517578	1
18411	1989.6190185546875	-1.5189886093139648	0.42568325996398926	171.3000030517578	1
18412	1989.72705078125	-1.5189886093139648	0.42568325996398926	171.3000030517578	1
18413	1989.8349609375	-1.5189886093139648	0.42568325996398926	171.3000030517578	1
18414	1989.9429931640625	-1.5189886093139648	0.42568325996398926	171.3000030517578	1
18415	1990.051025390625	-1.898735761642456	0.0	171.3000030517578	1
18416	1990.1590576171875	-1.898735761642456	0.0	171.3000030517578	1
18417	1990.2669677734375	-1.898735761642456	0.0	171.3000030517578	1
18418	1990.375	-1.898735761642456	0.0	171.3000030517578	1
18419	1990.4830322265625	-1.898735761642456	0.0	171.3000030517578	1
18420	1990.5909423828125	-1.898735761642456	0.0	171.3000030517578	1
18421	1990.698974609375	-1.898735761642456	0.0	171.3000030517578	1
18422	1990.8070068359375	-1.898735761642456	0.0	171.3000030517578	1
18423	1990.9150390625	-1.898735761642456	0.0	171.3000030517578	1
18424	1991.02294921875	-1.898735761642456	0.0	171.3000030517578	1
18425	1991.1309814453125	-2.2784829139709473	-0.6385250091552734	171.10000610351562	1
18426	1991.239013671875	-2.2784829139709473	-0.6385250091552734	171.10000610351562	1
18427	1991.3470458984375	10811671.0	1274659.75	171.10000610351562	1
18428	1991.4549560546875	10811671.0	1274659.75	171.10000610351562	1
18429	1991.56298828125	10811671.0	1274659.75	171.10000610351562	1
18430	1991.6710205078125	10811671.0	1274659.75	171.10000610351562	1
18431	1991.779052734375	10811671.0	1274659.75	171.10000610351562	1
18432	1991.886962890625	10811671.0	1274659.75	171.10000610351562	1
18433	1991.9949951171875	10811671.0	1274659.75	171.10000610351562	1
18434	1992.10302734375	10811671.0	1274658.875	171.3000030517578	1
18435	1992.2110595703125	10811671.0	1274658.875	171.3000030517578	1
18436	1992.3189697265625	10811671.0	1274658.875	171.3000030517578	1
18437	1992.427001953125	10811671.0	1274658.875	171.3000030517578	1
18438	1992.5350341796875	10811671.0	1274658.875	171.3000030517578	1
18439	1992.6429443359375	10811671.0	1274658.875	171.3000030517578	1
18440	1992.7509765625	10811671.0	356235.21875	171.3000030517578	1
18441	1992.8590087890625	10811671.0	356235.21875	171.3000030517578	1
18442	1992.967041015625	10811671.0	356235.21875	171.3000030517578	1
18443	1993.074951171875	10811671.0	356235.21875	171.3000030517578	1
18444	1993.1829833984375	10811671.0	356234.15625	171.10000610351562	1
18445	1993.291015625	10811671.0	356234.15625	171.10000610351562	1
18446	1993.3990478515625	10811671.0	356234.15625	171.10000610351562	1
18447	1993.5069580078125	10811671.0	356234.15625	171.10000610351562	1
18448	1993.614990234375	10811671.0	356234.15625	171.10000610351562	1
18449	1993.7230224609375	10811671.0	356234.15625	171.10000610351562	1
18450	1993.8310546875	10811671.0	356234.15625	171.10000610351562	1
18451	1993.93896484375	10811671.0	356234.15625	171.10000610351562	1
18452	1994.0469970703125	10811671.0	356234.15625	171.10000610351562	1
18453	1994.155029296875	10811671.0	356233.09375	171.0	1
18454	1994.262939453125	10811671.0	356233.09375	171.0	1
18455	1994.3709716796875	10811671.0	356233.09375	171.0	1
18456	1994.47900390625	10811671.0	356233.09375	171.0	1
18457	1994.5870361328125	10811671.0	356233.09375	171.0	1
18458	1994.6949462890625	10811671.0	356233.09375	171.0	1
18459	1994.802978515625	10811671.0	356233.09375	171.0	1
18460	1994.9110107421875	10811671.0	356233.09375	171.0	1
18461	1995.01904296875	10811671.0	356233.09375	171.0	1
18462	1995.126953125	10811671.0	356233.09375	171.0	1
18463	1995.2349853515625	10811670.0	356232.5	170.39999389648438	1
18464	1995.343017578125	10811670.0	356232.5	170.39999389648438	1
18465	1995.4510498046875	10811670.0	356232.5	170.39999389648438	1
18466	1995.5589599609375	10811670.0	356232.5	170.39999389648438	1
18468	1995.7750244140625	10811670.0	4561728.0	170.39999389648438	1
18469	1995.883056640625	10811670.0	4561728.0	170.39999389648438	1
18470	1995.990966796875	10811670.0	4561728.0	170.39999389648438	1
18471	1996.0989990234375	10811670.0	4561728.0	170.39999389648438	1
18472	1996.20703125	10811671.0	4561727.0	170.1999969482422	1
18473	1996.31494140625	10811671.0	4561727.0	170.1999969482422	1
18474	1996.4229736328125	10811671.0	4561727.0	170.1999969482422	1
18475	1996.531005859375	10811671.0	4561727.0	170.1999969482422	1
18476	1996.6390380859375	10811671.0	4561727.0	170.1999969482422	1
18477	1996.7469482421875	10811671.0	4561727.0	170.1999969482422	1
18478	1996.85498046875	10811671.0	4561727.0	170.1999969482422	1
18479	1996.9630126953125	10811671.0	4561727.0	170.1999969482422	1
18481	1997.178955078125	10811670.0	776455.5	169.5	1
18482	1997.2869873046875	10811670.0	776455.5	169.5	1
18483	1997.39501953125	10811670.0	1545559.625	169.5	1
18484	1997.5030517578125	10811670.0	1545559.625	169.5	1
18485	1997.6109619140625	10811670.0	1545559.625	169.5	1
18486	1997.718994140625	10811670.0	1545559.625	169.5	1
18487	1997.8270263671875	10811670.0	1545559.625	169.5	1
18488	1997.93505859375	10811670.0	1545559.625	169.5	1
18489	1998.04296875	10811670.0	1545559.625	169.5	1
18490	1998.1510009765625	10811670.0	1545559.625	169.5	1
18491	1998.259033203125	10811670.0	1545560.75	168.89999389648438	1
18492	1998.366943359375	10811670.0	1545560.75	168.89999389648438	1
18493	1998.4749755859375	10811670.0	1545560.75	168.89999389648438	1
18494	1998.5830078125	10811670.0	1545560.75	168.89999389648438	1
18495	1998.6910400390625	10811670.0	1545560.75	168.89999389648438	1
18496	1998.7989501953125	10811670.0	1545560.75	168.89999389648438	1
18497	1998.906982421875	10811670.0	1545560.75	168.89999389648438	1
18498	1999.0150146484375	10811670.0	1545560.75	168.89999389648438	1
18499	1999.123046875	10811670.0	1545560.75	168.89999389648438	1
18500	1999.23095703125	10811669.0	1545562.125	170.3000030517578	1
18501	1999.3389892578125	10811669.0	1545562.125	170.3000030517578	1
18502	1999.447021484375	10811669.0	1545562.125	170.3000030517578	1
18504	1999.6629638671875	10811669.0	1545562.125	170.3000030517578	1
18505	1999.77099609375	10811669.0	1545562.125	170.3000030517578	1
18506	1999.8790283203125	10811669.0	1545562.125	170.3000030517578	1
18507	1999.987060546875	10811669.0	1545562.125	170.3000030517578	1
18508	2000.094970703125	10811669.0	1545562.125	170.3000030517578	1
18509	2000.2030029296875	10811669.0	1545562.125	170.3000030517578	1
18510	2000.31103515625	10811669.0	1545562.25	170.8000030517578	1
18511	2000.4189453125	10811669.0	1545562.25	170.8000030517578	1
18512	2000.5269775390625	10811669.0	1545562.25	170.8000030517578	1
18513	2000.635009765625	10811669.0	1545562.25	170.8000030517578	1
18514	2000.7430419921875	10811669.0	1545562.25	170.8000030517578	1
18516	2000.958984375	10811669.0	2925704.0	170.8000030517578	1
18517	2001.0670166015625	10811669.0	2925704.0	170.8000030517578	1
18518	2001.175048828125	10811669.0	2925704.0	170.8000030517578	1
18519	2001.282958984375	10811669.0	2925704.5	172.0	1
18520	2001.3909912109375	10811669.0	2925704.5	172.0	1
18521	2001.4990234375	10811669.0	2925704.5	172.0	1
18522	2001.6070556640625	10811669.0	2925704.5	172.0	1
18523	2001.7149658203125	10811669.0	2925704.5	172.0	1
18524	2001.822998046875	10811669.0	2925704.5	172.0	1
18526	2002.0389404296875	10811669.0	4741806.5	172.0	1
18529	2002.363037109375	10811669.0	873305.375	172.3000030517578	1
18530	2002.470947265625	10811669.0	873305.375	172.3000030517578	1
18531	2002.5789794921875	10811669.0	873305.375	172.3000030517578	1
18532	2002.68701171875	10811669.0	873305.375	172.3000030517578	1
18533	2002.7950439453125	10811669.0	873305.375	172.3000030517578	1
18534	2002.9029541015625	10811669.0	873305.375	172.3000030517578	1
18535	2003.010986328125	10811669.0	3268444.0	172.3000030517578	1
18536	2003.1190185546875	10811669.0	3268444.0	172.3000030517578	1
18537	2003.22705078125	10811669.0	3268444.0	172.3000030517578	1
18538	2003.3349609375	10811669.0	3268444.5	172.89999389648438	1
18539	2003.4429931640625	10811669.0	3268444.5	172.89999389648438	1
18540	2003.551025390625	10811669.0	3268444.5	172.89999389648438	1
18541	2003.6590576171875	10811669.0	3268444.5	172.89999389648438	1
18542	2003.7669677734375	10811669.0	3268444.5	172.89999389648438	1
18543	2003.875	10811669.0	3268444.5	172.89999389648438	1
18544	2003.9830322265625	10811669.0	3268444.5	172.89999389648438	1
18545	2004.0909423828125	10811669.0	3268444.5	172.89999389648438	1
18546	2004.198974609375	10811669.0	3268444.5	172.89999389648438	1
18547	2004.3070068359375	10811667.0	3268445.75	173.5	1
18548	2004.4150390625	10811667.0	3268445.75	173.5	1
18549	2004.52294921875	10811667.0	3268445.75	173.5	1
18550	2004.6309814453125	10811667.0	3268445.75	173.5	1
18551	2004.739013671875	10811667.0	3268445.75	173.5	1
18552	2004.8470458984375	10811667.0	3268445.75	173.5	1
18553	2004.9549560546875	10811667.0	3268445.75	173.5	1
18554	2005.06298828125	10811667.0	3268445.75	173.5	1
18556	2005.279052734375	10811667.0	444625.5625	173.5	1
18557	2005.386962890625	10811666.0	444625.40625	174.1999969482422	1
18559	2005.60302734375	10811666.0	4769891.0	174.1999969482422	1
18560	2005.7110595703125	10811666.0	4769891.0	174.1999969482422	1
18561	2005.8189697265625	10811666.0	4769891.0	174.1999969482422	1
18563	2006.0350341796875	10811666.0	1891127.875	174.1999969482422	1
18564	2006.1429443359375	10811666.0	1891127.875	174.1999969482422	1
18565	2006.2509765625	10811666.0	1891127.875	174.1999969482422	1
18566	2006.3590087890625	10811666.0	1891127.625	174.6999969482422	1
18567	2006.467041015625	10811666.0	1891127.625	174.6999969482422	1
18568	2006.574951171875	10811666.0	1891127.625	174.6999969482422	1
18569	2006.6829833984375	10811666.0	1891127.625	174.6999969482422	1
18570	2006.791015625	10811666.0	1891127.625	174.6999969482422	1
18571	2006.8990478515625	10811666.0	1891127.625	174.6999969482422	1
18572	2007.0069580078125	10811666.0	1891127.625	174.6999969482422	1
18573	2007.114990234375	10811666.0	1891127.625	174.6999969482422	1
18574	2007.2230224609375	10811666.0	1891127.625	174.6999969482422	1
18575	2007.3310546875	10811664.0	1891128.125	175.3000030517578	1
18576	2007.43896484375	10811664.0	1891128.125	175.3000030517578	1
18577	2007.5469970703125	10811664.0	1891128.125	175.3000030517578	1
18578	2007.655029296875	10811664.0	1891128.125	175.3000030517578	1
18579	2007.762939453125	10811664.0	1891128.125	175.3000030517578	1
18580	2007.8709716796875	10811664.0	1891128.125	175.3000030517578	1
18581	2007.97900390625	10811664.0	1891128.125	175.3000030517578	1
18582	2008.0870361328125	10811664.0	1891128.125	175.3000030517578	1
18584	2008.302978515625	10811664.0	3241812.0	175.3000030517578	1
18585	2008.4110107421875	10811664.0	3241812.75	176.0	1
18586	2008.51904296875	10811664.0	3241812.75	176.0	1
18587	2008.626953125	10811664.0	3241812.75	176.0	1
18588	2008.7349853515625	10811664.0	3241812.75	176.0	1
18590	2008.9510498046875	10811664.0	4833323.5	176.0	1
18591	2009.0589599609375	10811664.0	4833323.5	176.0	1
18592	2009.1669921875	10811664.0	4833323.5	176.0	1
18593	2009.2750244140625	10811664.0	4833323.5	176.0	1
18594	2009.383056640625	10811663.0	4833325.0	176.60000610351562	1
18595	2009.490966796875	10811663.0	4833325.0	176.60000610351562	1
18596	2009.5989990234375	10811663.0	4833325.0	176.60000610351562	1
18598	2009.81494140625	10811663.0	850226.875	176.60000610351562	1
18599	2009.9229736328125	10811663.0	850226.875	176.60000610351562	1
18600	2010.031005859375	10811663.0	850226.875	176.60000610351562	1
18601	2010.1390380859375	10811663.0	850226.875	176.60000610351562	1
18603	2010.35498046875	10811663.0	2675777.75	176.60000610351562	1
18604	2010.4630126953125	10811662.0	2675778.25	176.8000030517578	1
18606	2010.678955078125	10811662.0	257404.015625	176.8000030517578	1
18607	2010.7869873046875	10811662.0	257404.015625	176.8000030517578	1
18608	2010.89501953125	10811662.0	257404.015625	176.8000030517578	1
18609	2011.0030517578125	10811662.0	257404.015625	176.8000030517578	1
18610	2011.1109619140625	10811662.0	257404.015625	176.8000030517578	1
18611	2011.218994140625	10811662.0	257404.015625	176.8000030517578	1
18612	2011.3270263671875	10811662.0	257404.015625	176.8000030517578	1
18613	2011.43505859375	10811660.0	257404.53125	177.10000610351562	1
18614	2011.54296875	10811660.0	257404.53125	177.10000610351562	1
18615	2011.6510009765625	10811660.0	257404.53125	177.10000610351562	1
18616	2011.759033203125	10811660.0	257404.53125	177.10000610351562	1
18617	2011.866943359375	10811660.0	257404.53125	177.10000610351562	1
18618	2011.9749755859375	10811660.0	257404.53125	177.10000610351562	1
18619	2012.0830078125	10811660.0	257404.53125	177.10000610351562	1
18620	2012.1910400390625	10811660.0	257404.53125	177.10000610351562	1
18621	2012.2989501953125	10811660.0	257404.53125	177.10000610351562	1
18622	2012.406982421875	10811660.0	257404.34375	177.6999969482422	1
18623	2012.5150146484375	10811660.0	257404.34375	177.6999969482422	1
18624	2012.623046875	10811660.0	257404.34375	177.6999969482422	1
18626	2012.8389892578125	10811660.0	257404.34375	177.6999969482422	1
18627	2012.947021484375	10811660.0	257404.34375	177.6999969482422	1
18628	2013.0550537109375	10811660.0	257404.34375	177.6999969482422	1
18629	2013.1629638671875	10811660.0	257404.34375	177.6999969482422	1
18631	2013.3790283203125	10811660.0	5303073.5	177.6999969482422	1
18632	2013.487060546875	10811659.0	5303074.5	177.89999389648438	1
18634	2013.7030029296875	10811659.0	5303074.5	177.89999389648438	1
18637	2014.0269775390625	10811659.0	2548882.5	177.89999389648438	1
18638	2014.135009765625	10811659.0	2548882.5	177.89999389648438	1
18639	2014.2430419921875	10811659.0	2548882.5	177.89999389648438	1
18641	2014.458984375	10811658.0	3820242.5	178.1999969482422	1
18642	2014.5670166015625	10811658.0	3820242.5	178.1999969482422	1
18643	2014.675048828125	10811658.0	3820242.5	178.1999969482422	1
18644	2014.782958984375	10811658.0	3820242.5	178.1999969482422	1
18646	2014.9990234375	10811658.0	3242781.5	178.1999969482422	1
18647	2015.1070556640625	10811658.0	3242781.5	178.1999969482422	1
18649	2015.322998046875	10811658.0	3787630.75	178.1999969482422	1
18651	2015.5389404296875	10811657.0	3787632.25	178.39999389648438	1
18652	2015.64697265625	10811657.0	3787632.25	178.39999389648438	1
18653	2015.7550048828125	10811657.0	3787632.25	178.39999389648438	1
18654	2015.863037109375	10811657.0	101771.21875	178.39999389648438	1
18655	2015.970947265625	10811657.0	101771.21875	178.39999389648438	1
18656	2016.0789794921875	10811657.0	101771.21875	178.39999389648438	1
18657	2016.18701171875	10811657.0	101771.21875	178.39999389648438	1
18658	2016.2950439453125	10811657.0	101771.21875	178.39999389648438	1
18660	2016.510986328125	10811656.0	3064733.25	179.10000610351562	1
18661	2016.6190185546875	10811656.0	3064733.25	179.10000610351562	1
18662	2016.72705078125	10811656.0	3064733.25	179.10000610351562	1
18663	2016.8349609375	10811656.0	3064733.25	179.10000610351562	1
18664	2016.9429931640625	10811656.0	3064733.25	179.10000610351562	1
18666	2017.1590576171875	10811656.0	3064733.25	179.10000610351562	1
18667	2017.2669677734375	10811656.0	3064733.25	179.10000610351562	1
18668	2017.375	10811656.0	3064733.25	179.10000610351562	1
18669	2017.4830322265625	10811655.0	1415142.5	179.5	1
18670	2017.5909423828125	10811655.0	1415142.5	179.5	1
18671	2017.698974609375	10811655.0	1415142.5	179.5	1
18672	2017.8070068359375	10811655.0	1415142.5	179.5	1
18673	2017.9150390625	10811655.0	1415142.5	179.5	1
18674	2018.02294921875	10811655.0	1415142.5	179.5	1
18676	2018.239013671875	10811655.0	1415142.5	179.5	1
18677	2018.3470458984375	10811655.0	1415142.5	179.5	1
18678	2018.4549560546875	10811655.0	1415142.5	179.5	1
18679	2018.56298828125	10811654.0	1415142.5	179.6999969482422	1
18680	2018.6710205078125	10811654.0	1415142.5	179.6999969482422	1
18681	2018.779052734375	10811654.0	1415142.5	179.6999969482422	1
18682	2018.886962890625	10811654.0	1415142.5	179.6999969482422	1
18683	2018.9949951171875	10811654.0	1415142.5	179.6999969482422	1
18684	2019.10302734375	10811654.0	1415142.5	179.6999969482422	1
18685	2019.2110595703125	10811654.0	1415142.5	179.6999969482422	1
18686	2019.3189697265625	10811654.0	1415142.5	179.6999969482422	1
18687	2019.427001953125	10811654.0	1415142.5	179.6999969482422	1
18688	2019.5350341796875	10811652.0	1415143.125	180.0	1
18689	2019.6429443359375	10811652.0	1415143.125	180.0	1
18690	2019.7509765625	10811652.0	1415143.125	180.0	1
18691	2019.8590087890625	10811652.0	1415143.125	180.0	1
18692	2019.967041015625	10811652.0	1415143.125	180.0	1
18693	2020.074951171875	10811652.0	1415143.125	180.0	1
18695	2020.291015625	10811652.0	3074666.0	180.0	1
18696	2020.3990478515625	10811652.0	3074666.0	180.0	1
18698	2020.614990234375	10811652.0	3074666.5	180.0	1
18699	2020.7230224609375	10811652.0	3074666.5	180.0	1
18700	2020.8310546875	10811652.0	3074666.5	180.0	1
18701	2020.93896484375	10811652.0	3074666.5	180.0	1
18702	2021.0469970703125	10811652.0	3074666.5	180.0	1
18703	2021.155029296875	10811652.0	3074666.5	180.0	1
18704	2021.262939453125	10811652.0	1504796.75	180.0	1
18705	2021.3709716796875	10811652.0	1504796.75	180.0	1
18706	2021.47900390625	10811652.0	1504796.75	180.0	1
18707	2021.5870361328125	10811651.0	1504797.125	180.3000030517578	1
18708	2021.6949462890625	10811651.0	1504797.125	180.3000030517578	1
18709	2021.802978515625	10811651.0	1504797.125	180.3000030517578	1
18710	2021.9110107421875	10811651.0	1504797.125	180.3000030517578	1
18711	2022.01904296875	10811651.0	1504797.125	180.3000030517578	1
18712	2022.126953125	10811651.0	1504797.125	180.3000030517578	1
18713	2022.2349853515625	10811651.0	1504797.125	180.3000030517578	1
18714	2022.343017578125	10811651.0	1504797.125	180.3000030517578	1
18715	2022.4510498046875	10811651.0	1504797.125	180.3000030517578	1
18716	2022.5589599609375	10811649.0	1504797.625	180.60000610351562	1
18717	2022.6669921875	10811649.0	1504797.625	180.60000610351562	1
18718	2022.7750244140625	10811649.0	1504797.625	180.60000610351562	1
18719	2022.883056640625	10811649.0	1504797.625	180.60000610351562	1
18720	2022.990966796875	10811649.0	1504797.625	180.60000610351562	1
18721	2023.0989990234375	10811649.0	1504797.625	180.60000610351562	1
18722	2023.20703125	10811649.0	1504797.625	180.60000610351562	1
18723	2023.31494140625	10811649.0	1504797.625	180.60000610351562	1
18724	2023.4229736328125	10811649.0	1504797.625	180.60000610351562	1
18725	2023.531005859375	10811649.0	1504797.625	180.60000610351562	1
18726	2023.6390380859375	10811649.0	1504797.875	181.1999969482422	1
18727	2023.7469482421875	10811649.0	1504797.875	181.1999969482422	1
18728	2023.85498046875	10811649.0	1504797.875	181.1999969482422	1
18729	2023.9630126953125	10811649.0	1504797.875	181.1999969482422	1
18730	2024.071044921875	10811649.0	1504797.875	181.1999969482422	1
18732	2024.2869873046875	10811649.0	1504797.875	181.1999969482422	1
18733	2024.39501953125	10811649.0	1504797.875	181.1999969482422	1
18734	2024.5030517578125	10811649.0	1504797.875	181.1999969482422	1
18735	2024.6109619140625	10811648.0	1504798.125	181.6999969482422	1
18736	2024.718994140625	10811648.0	1504798.125	181.6999969482422	1
18738	2024.93505859375	10811648.0	1504798.125	181.6999969482422	1
18739	2025.04296875	10811648.0	1504798.125	181.6999969482422	1
18740	2025.1510009765625	10811648.0	1504798.125	181.6999969482422	1
18741	2025.259033203125	10811648.0	1504798.125	181.6999969482422	1
18742	2025.366943359375	10811648.0	1504798.125	181.6999969482422	1
18743	2025.4749755859375	10811648.0	1504798.125	181.6999969482422	1
18744	2025.5830078125	10811648.0	1504798.125	181.6999969482422	1
18747	2025.906982421875	10811646.0	4967969.5	181.8000030517578	1
18748	2026.0150146484375	10811646.0	4967969.5	181.8000030517578	1
18749	2026.123046875	10811646.0	4967969.5	181.8000030517578	1
18750	2026.23095703125	10811646.0	4967969.5	181.8000030517578	1
18751	2026.3389892578125	10811646.0	4967969.5	181.8000030517578	1
18752	2026.447021484375	10811646.0	4967969.5	181.8000030517578	1
18753	2026.5550537109375	10811646.0	4967969.5	181.8000030517578	1
18754	2026.6629638671875	10811645.0	4967971.0	181.8000030517578	1
18755	2026.77099609375	10811645.0	4967971.0	181.8000030517578	1
18756	2026.8790283203125	10811645.0	4967971.0	181.8000030517578	1
18757	2026.987060546875	10811645.0	4967971.0	181.8000030517578	1
18758	2027.094970703125	10811645.0	4967971.0	181.8000030517578	1
18759	2027.2030029296875	10811645.0	4967971.0	181.8000030517578	1
18761	2027.4189453125	10811645.0	4967971.0	181.8000030517578	1
18762	2027.5269775390625	10811645.0	4967971.0	181.8000030517578	1
18763	2027.635009765625	10811644.0	4967972.0	182.0	1
18764	2027.7430419921875	10811644.0	4967972.0	182.0	1
18765	2027.8509521484375	10811644.0	4967972.0	182.0	1
18766	2027.958984375	10811644.0	4967972.0	182.0	1
18767	2028.0670166015625	10811644.0	4967972.0	182.0	1
18768	2028.175048828125	10811644.0	4967972.0	182.0	1
18769	2028.282958984375	10811644.0	4967972.0	182.0	1
18770	2028.3909912109375	10811644.0	4967972.0	182.0	1
18771	2028.4990234375	10811644.0	4967972.0	182.0	1
18773	2028.7149658203125	10811643.0	-733472.0	182.0	1
18775	2028.9310302734375	10811643.0	3209447.75	182.0	1
18776	2029.0389404296875	10811643.0	3209447.75	182.0	1
18778	2029.2550048828125	10811643.0	3215103.75	182.0	1
18779	2029.363037109375	10811643.0	3215103.75	182.0	1
18780	2029.470947265625	10811643.0	3215103.75	182.0	1
18781	2029.5789794921875	10811643.0	3215103.75	182.0	1
18784	2029.9029541015625	10811641.0	4416910.0	182.3000030517578	1
18785	2030.010986328125	10811641.0	4416910.0	182.3000030517578	1
18787	2030.22705078125	10811641.0	1347240.375	182.3000030517578	1
18788	2030.3349609375	10811641.0	1347240.375	182.3000030517578	1
18790	2030.551025390625	10811641.0	1347240.375	182.3000030517578	1
18791	2030.6590576171875	10811641.0	1347240.375	182.3000030517578	1
18792	2030.7669677734375	10811641.0	1347240.625	183.0	1
18793	2030.875	10811641.0	2427260.0	183.0	1
18794	2030.9830322265625	10811641.0	2427260.0	183.0	1
18795	2031.0909423828125	10811641.0	2427260.0	183.0	1
18797	2031.3070068359375	10811641.0	1843124.0	183.0	1
18798	2031.4150390625	10811641.0	1843124.0	183.0	1
18799	2031.52294921875	10811641.0	1843124.0	183.0	1
18800	2031.6309814453125	10811641.0	1843124.0	183.0	1
18803	2031.9549560546875	10811640.0	1843124.5	183.5	1
18804	2032.06298828125	10811640.0	1843124.5	183.5	1
18805	2032.1710205078125	10811640.0	1843124.5	183.5	1
18807	2032.386962890625	10811640.0	1843124.5	183.5	1
18811	2032.8189697265625	10811639.0	1843125.0	183.8000030517578	1
18812	2032.927001953125	10811639.0	1843125.0	183.8000030517578	1
18814	2033.1429443359375	10811639.0	1843125.0	183.8000030517578	1
18818	2033.574951171875	10811639.0	2621190.0	183.8000030517578	1
18823	2034.114990234375	10811638.0	2760781.5	184.0	1
18824	2034.2230224609375	10811638.0	2760781.5	184.0	1
18825	2034.3310546875	10811638.0	2760781.5	184.0	1
18826	2034.43896484375	10811638.0	2760781.5	184.0	1
18827	2034.5469970703125	10811638.0	2760781.5	184.0	1
18828	2034.655029296875	10811638.0	2760781.5	184.0	1
18829	2034.762939453125	10811638.0	2760781.75	184.3000030517578	1
18830	2034.8709716796875	10811638.0	2760781.75	184.3000030517578	1
18831	2034.97900390625	10811638.0	2760781.75	184.3000030517578	1
18832	2035.0870361328125	10811638.0	2760781.75	184.3000030517578	1
18833	2035.1949462890625	10811638.0	2760781.75	184.3000030517578	1
18834	2035.302978515625	10811638.0	2760781.75	184.3000030517578	1
18835	2035.4110107421875	10811638.0	2760781.75	184.3000030517578	1
18836	2035.51904296875	10811638.0	2760781.75	184.3000030517578	1
18837	2035.626953125	10811638.0	2760781.75	184.3000030517578	1
18840	2035.9510498046875	10811637.0	-1176663.625	184.8000030517578	1
18842	2036.1669921875	10811637.0	-1176663.625	184.8000030517578	1
18843	2036.2750244140625	10811637.0	-1176663.625	184.8000030517578	1
18845	2036.490966796875	10811637.0	-1176663.625	184.8000030517578	1
18848	2036.81494140625	10811636.0	-1176664.0	184.8000030517578	1
18849	2036.9229736328125	10811636.0	2838458.5	184.8000030517578	1
18850	2037.031005859375	10811636.0	2838458.5	184.8000030517578	1
18854	2037.4630126953125	10811636.0	3385598.0	184.8000030517578	1
18855	2037.571044921875	10811636.0	2733860.75	184.8000030517578	1
18858	2037.89501953125	10811635.0	3320937.5	184.60000610351562	1
18860	2038.1109619140625	10811635.0	3320937.5	184.60000610351562	1
18861	2038.218994140625	10811635.0	3320937.5	184.60000610351562	1
18863	2038.43505859375	10811635.0	3320937.5	184.60000610351562	1
18866	2038.759033203125	10811635.0	3320937.5	184.60000610351562	1
18867	2038.866943359375	10811634.0	3320937.75	184.60000610351562	1
18869	2039.0830078125	10811634.0	3320937.75	184.60000610351562	1
18870	2039.1910400390625	10811634.0	3320937.75	184.60000610351562	1
18871	2039.2989501953125	10811634.0	3320937.75	184.60000610351562	1
18872	2039.406982421875	10811634.0	3320937.75	184.60000610351562	1
18873	2039.5150146484375	10811634.0	3320937.75	184.60000610351562	1
18874	2039.623046875	10811634.0	3320937.75	184.60000610351562	1
18875	2039.73095703125	10811634.0	3320937.75	184.60000610351562	1
18876	2039.8389892578125	10811632.0	3320939.25	184.1999969482422	1
18877	2039.947021484375	10811632.0	3320939.25	184.1999969482422	1
18878	2040.0550537109375	10811632.0	3320939.25	184.1999969482422	1
18879	2040.1629638671875	10811632.0	3320939.25	184.1999969482422	1
18881	2040.3790283203125	10811632.0	3320939.25	184.1999969482422	1
18882	2040.487060546875	10811632.0	3320939.25	184.1999969482422	1
18883	2040.594970703125	10811632.0	3320939.25	184.1999969482422	1
18884	2040.7030029296875	10811632.0	3320939.25	184.1999969482422	1
18885	2040.81103515625	10811631.0	3320940.25	184.1999969482422	1
18887	2041.0269775390625	10811631.0	-523527.71875	184.1999969482422	1
18888	2041.135009765625	10811631.0	-523527.71875	184.1999969482422	1
18889	2041.2430419921875	10811631.0	-523527.71875	184.1999969482422	1
18890	2041.3509521484375	10811631.0	-523527.71875	184.1999969482422	1
18891	2041.458984375	10811631.0	-523527.71875	184.1999969482422	1
18892	2041.5670166015625	10811631.0	-523527.71875	184.1999969482422	1
18894	2041.782958984375	10811631.0	5146651.5	184.1999969482422	1
18895	2041.8909912109375	10811629.0	5146652.5	184.39999389648438	1
18897	2042.1070556640625	10811629.0	-506505.21875	184.39999389648438	1
18898	2042.2149658203125	10811629.0	-506505.21875	184.39999389648438	1
18899	2042.322998046875	10811629.0	-506505.21875	184.39999389648438	1
18900	2042.4310302734375	10811629.0	-506505.21875	184.39999389648438	1
18901	2042.5389404296875	10811629.0	-506505.21875	184.39999389648438	1
18903	2042.7550048828125	10811629.0	-506505.21875	184.39999389648438	1
18904	2042.863037109375	10811628.0	1571698.875	184.0	1
18905	2042.970947265625	10811628.0	1571698.875	184.0	1
18906	2043.0789794921875	10811628.0	1571698.875	184.0	1
18907	2043.18701171875	10811628.0	1571698.875	184.0	1
18908	2043.2950439453125	10811628.0	1571698.875	184.0	1
18910	2043.510986328125	10811628.0	2672222.5	184.0	1
18911	2043.6190185546875	10811628.0	2672222.5	184.0	1
18913	2043.8349609375	10811628.0	1025976.3125	184.0	1
18914	2043.9429931640625	10811627.0	1025976.5625	184.39999389648438	1
18916	2044.1590576171875	10811627.0	1025976.5625	184.39999389648438	1
18917	2044.2669677734375	10811627.0	1025976.5625	184.39999389648438	1
18918	2044.375	10811627.0	1025976.5625	184.39999389648438	1
18919	2044.4830322265625	10811627.0	1025976.5625	184.39999389648438	1
18920	2044.5909423828125	10811627.0	1025976.5625	184.39999389648438	1
18921	2044.698974609375	10811627.0	1025976.5625	184.39999389648438	1
18922	2044.8070068359375	10811627.0	1025976.5625	184.39999389648438	1
18923	2044.9150390625	10811625.0	1025976.75	184.10000610351562	1
18925	2045.1309814453125	10811625.0	2827076.75	184.10000610351562	1
18927	2045.3470458984375	10811625.0	2827076.75	184.10000610351562	1
18928	2045.4549560546875	10811625.0	2827076.75	184.10000610351562	1
18930	2045.6710205078125	10811625.0	2827076.75	184.10000610351562	1
18933	2045.9949951171875	10811624.0	2827077.75	184.39999389648438	1
18935	2046.2110595703125	10811624.0	1728845.75	184.39999389648438	1
18936	2046.3189697265625	10811624.0	1728845.75	184.39999389648438	1
18937	2046.427001953125	10811624.0	1728845.75	184.39999389648438	1
18938	2046.5350341796875	10811624.0	1728845.75	184.39999389648438	1
18939	2046.6429443359375	10811624.0	1728845.75	184.39999389648438	1
18940	2046.7509765625	10811624.0	1728845.75	184.39999389648438	1
18941	2046.8590087890625	10811624.0	1728845.75	184.39999389648438	1
18942	2046.967041015625	10811623.0	1728846.25	184.5	1
18944	2047.1829833984375	10811623.0	1728846.25	184.5	1
18945	2047.291015625	10811623.0	1728846.25	184.5	1
18946	2047.3990478515625	10811623.0	1728846.25	184.5	1
18948	2047.614990234375	10811623.0	1728846.25	184.5	1
18949	2047.7230224609375	10811623.0	1728846.25	184.5	1
18952	2048.047119140625	10811622.0	1595919.125	184.60000610351562	1
18955	2048.37109375	10811622.0	1595919.125	184.60000610351562	1
18956	2048.47900390625	10811622.0	1595919.125	184.60000610351562	1
18961	2049.01904296875	10811622.0	887583.5	184.6999969482422	1
18963	2049.235107421875	10811622.0	887583.5	184.6999969482422	1
18964	2049.343017578125	10811622.0	887583.5	184.6999969482422	1
18966	2049.55908203125	10811622.0	887583.5	184.6999969482422	1
18968	2049.77490234375	10811622.0	887583.5	184.6999969482422	1
18969	2049.883056640625	10811622.0	887583.5	184.6999969482422	1
18970	2049.990966796875	10811620.0	887583.625	184.60000610351562	1
18971	2050.09912109375	10811620.0	887583.625	184.60000610351562	1
18973	2050.31494140625	10811620.0	887583.625	184.60000610351562	1
18974	2050.423095703125	10811620.0	887583.625	184.60000610351562	1
18975	2050.531005859375	10811620.0	887583.625	184.60000610351562	1
18976	2050.638916015625	10811620.0	887583.625	184.60000610351562	1
18977	2050.7470703125	10811620.0	887583.625	184.60000610351562	1
18978	2050.85498046875	10811620.0	887583.625	184.60000610351562	1
18980	2051.071044921875	10811619.0	5699981.0	184.8000030517578	1
18981	2051.178955078125	10811619.0	5699981.0	184.8000030517578	1
18982	2051.287109375	10811619.0	5699981.0	184.8000030517578	1
18983	2051.39501953125	10811619.0	5699981.0	184.8000030517578	1
18984	2051.5029296875	10811619.0	5699981.0	184.8000030517578	1
18985	2051.611083984375	10811619.0	5699981.0	184.8000030517578	1
18986	2051.718994140625	10811619.0	5699981.0	184.8000030517578	1
18987	2051.826904296875	10811619.0	5699981.0	184.8000030517578	1
18988	2051.93505859375	10811619.0	5699981.0	184.8000030517578	1
18989	2052.04296875	10811619.0	5699982.0	184.6999969482422	1
18991	2052.259033203125	10811619.0	5699982.0	184.6999969482422	1
18992	2052.366943359375	10811619.0	5699982.0	184.6999969482422	1
18993	2052.47509765625	10811619.0	5699982.0	184.6999969482422	1
18994	2052.5830078125	10811619.0	5699982.0	184.6999969482422	1
18995	2052.69091796875	10811619.0	5699982.0	184.6999969482422	1
18998	2053.014892578125	10811618.0	2729394.5	184.1999969482422	1
19001	2053.339111328125	10811618.0	2729394.5	184.1999969482422	1
19004	2053.6630859375	10811618.0	2729394.5	184.1999969482422	1
19005	2053.77099609375	10811618.0	2729394.5	184.1999969482422	1
19006	2053.87890625	10811618.0	2729394.5	184.1999969482422	1
19008	2054.094970703125	10811616.0	3645488.5	184.0	1
19010	2054.31103515625	10811616.0	3645488.5	184.0	1
19012	2054.527099609375	10811616.0	3645488.5	184.0	1
19013	2054.635009765625	10811616.0	3645488.5	184.0	1
19015	2054.85107421875	10811616.0	3645488.5	184.0	1
19016	2054.958984375	10811616.0	3645488.5	184.0	1
19017	2055.06689453125	10811616.0	3645488.75	184.0	1
19018	2055.175048828125	10811616.0	241733.546875	184.0	1
19019	2055.282958984375	10811616.0	241733.546875	184.0	1
19022	2055.60693359375	10811616.0	241733.546875	184.0	1
19024	2055.822998046875	10811616.0	241733.546875	184.0	1
19027	2056.14697265625	10811614.0	2195528.0	184.0	1
19036	2057.118896484375	10811613.0	3514311.5	183.89999389648438	1
19037	2057.22705078125	10811613.0	1299994.875	183.89999389648438	1
19044	2057.98291015625	10811613.0	2806860.75	183.89999389648438	1
19045	2058.091064453125	10811611.0	2806861.5	183.60000610351562	1
19046	2058.198974609375	10811611.0	2806861.5	183.60000610351562	1
19047	2058.306884765625	10811611.0	2806861.5	183.60000610351562	1
19051	2058.739013671875	10811611.0	1344118.375	183.60000610351562	1
19053	2058.955078125	10811611.0	1344118.375	183.60000610351562	1
19056	2059.279052734375	10811610.0	1344118.875	183.39999389648438	1
19057	2059.386962890625	10811610.0	1344118.875	183.39999389648438	1
19058	2059.4951171875	10811610.0	1344118.875	183.39999389648438	1
19060	2059.7109375	10811610.0	1344118.875	183.39999389648438	1
19062	2059.927001953125	10811610.0	1344118.875	183.39999389648438	1
19063	2060.034912109375	10811610.0	1344118.875	183.39999389648438	1
19064	2060.14306640625	10811608.0	2928878.0	183.3000030517578	1
19065	2060.2509765625	10811608.0	2928878.0	183.3000030517578	1
19067	2060.467041015625	10811608.0	2928878.0	183.3000030517578	1
19068	2060.574951171875	10811608.0	2928878.0	183.3000030517578	1
19070	2060.791015625	10811608.0	2928878.0	183.3000030517578	1
19074	2061.222900390625	10811608.0	593864.8125	182.60000610351562	1
19075	2061.3310546875	10811608.0	593864.8125	182.60000610351562	1
19076	2061.43896484375	10811608.0	593864.8125	182.60000610351562	1
19077	2061.547119140625	10811608.0	593864.8125	182.60000610351562	1
19078	2061.655029296875	10811608.0	593864.8125	182.60000610351562	1
19079	2061.762939453125	10811608.0	593864.8125	182.60000610351562	1
19080	2061.87109375	10811608.0	593864.8125	182.60000610351562	1
19081	2061.97900390625	10811608.0	593864.8125	182.60000610351562	1
19082	2062.0869140625	10811608.0	593864.8125	182.60000610351562	1
19084	2062.302978515625	10811606.0	3230902.25	183.3000030517578	1
19085	2062.410888671875	10811606.0	3230902.25	183.3000030517578	1
19086	2062.51904296875	10811606.0	3230902.25	183.3000030517578	1
19091	2063.05908203125	10811606.0	3616392.75	183.3000030517578	1
19092	2063.1669921875	10811605.0	3616394.5	183.10000610351562	1
19096	2063.59912109375	10811605.0	3616394.5	183.10000610351562	1
19101	2064.138916015625	10811603.0	3200976.0	183.3000030517578	1
19103	2064.35498046875	10811603.0	3200976.0	183.3000030517578	1
19107	2064.787109375	10811603.0	3200976.0	183.3000030517578	1
19112	2065.326904296875	10811602.0	2640986.75	183.3000030517578	1
19113	2065.43505859375	10811602.0	2640986.75	183.3000030517578	1
19115	2065.65087890625	10811602.0	2640986.75	183.3000030517578	1
19116	2065.759033203125	10811602.0	2640986.75	183.3000030517578	1
19117	2065.866943359375	10811602.0	2640986.75	183.3000030517578	1
19119	2066.0830078125	10811602.0	2640986.75	183.3000030517578	1
19121	2066.299072265625	10811602.0	2640987.25	183.89999389648438	1
19123	2066.514892578125	10811602.0	2640987.25	183.89999389648438	1
19127	2066.947021484375	10811602.0	2640987.25	183.89999389648438	1
19128	2067.054931640625	10811602.0	2640987.25	183.89999389648438	1
19131	2067.37890625	10811600.0	1187041.25	184.5	1
19133	2067.594970703125	10811600.0	2750941.25	184.5	1
19134	2067.702880859375	10811600.0	2750941.25	184.5	1
19142	2068.56689453125	10811599.0	-225023.78125	184.8000030517578	1
19143	2068.675048828125	10811599.0	-225023.78125	184.8000030517578	1
19144	2068.782958984375	10811599.0	-225023.78125	184.8000030517578	1
19151	2069.5390625	10811598.0	-225023.84375	185.3000030517578	1
19153	2069.7548828125	10811598.0	3237734.75	185.3000030517578	1
19154	2069.863037109375	10811598.0	129627.453125	185.3000030517578	1
19155	2069.970947265625	10811598.0	129627.453125	185.3000030517578	1
19158	2070.294921875	10811597.0	129627.2578125	185.1999969482422	1
19159	2070.403076171875	10811597.0	129627.2578125	185.1999969482422	1
19161	2070.618896484375	10811597.0	129627.2578125	185.1999969482422	1
19177	2072.346923828125	10811593.0	2133273.25	184.5	1
19178	2072.455078125	10811593.0	2133273.25	184.5	1
19187	2073.427001953125	10811591.0	2133274.75	185.39999389648438	1
19188	2073.534912109375	10811591.0	2133274.75	185.39999389648438	1
19189	2073.64306640625	10811591.0	2133274.75	185.39999389648438	1
19190	2073.7509765625	10811591.0	2133274.75	185.39999389648438	1
19191	2073.85888671875	10811591.0	2133274.75	185.39999389648438	1
