Номер пакета	Время	Широта	Долгота	Высота	fix GPS
18385	1986811	55.91086196899414	37.80561828613281	170.8000030517578	1
18386	1986919	55.91086196899414	37.80561828613281	170.8000030517578	1
18387	1987027	55.910858154296875	37.805625915527344	170.8000030517578	1
18388	1987135	55.910858154296875	37.805625915527344	170.8000030517578	1
18389	1987243	55.910858154296875	37.805625915527344	170.8000030517578	1
18390	1987351	55.910858154296875	37.805625915527344	170.8000030517578	1
18391	1987459	55.910858154296875	37.805625915527344	170.8000030517578	1
18392	1987567	55.910858154296875	37.805625915527344	170.8000030517578	1
18393	1987675	55.910858154296875	37.805625915527344	170.8000030517578	1
18394	1987783	55.910858154296875	37.805625915527344	170.8000030517578	1
18395	1987891	55.910858154296875	37.805625915527344	170.8000030517578	1
18396	1987999	55.910858154296875	37.805625915527344	170.8000030517578	1
18397	1988107	55.91085433959961	37.805625915527344	171.1999969482422	1
18398	1988215	55.91085433959961	37.805625915527344	171.1999969482422	1
18399	1988323	55.91085433959961	37.805625915527344	171.1999969482422	1
18400	1988431	55.91085433959961	37.805625915527344	171.1999969482422	1
18401	1988539	55.91085433959961	37.805625915527344	171.1999969482422	1
18402	1988647	55.91085433959961	37.805625915527344	171.1999969482422	1
18403	1988755	55.91085433959961	37.805625915527344	171.1999969482422	1
18404	1988863	55.91085433959961	37.805625915527344	171.1999969482422	1
18405	1988971	55.91085433959961	37.805625915527344	171.1999969482422	1
18406	1989079	55.910850524902344	37.805625915527344	171.3000030517578	1
18407	1989187	55.910850524902344	37.805625915527344	171.3000030517578	1
18408	1989295	55.910850524902344	37.805625915527344	171.3000030517578	1
18409	1989403	55.910850524902344	37.805625915527344	171.3000030517578	1
18410	1989511	55.910850524902344	37.805625915527344	171.3000030517578	1
18411	1989619	55.910850524902344	37.805625915527344	171.3000030517578	1
18412	1989727	55.910850524902344	37.805625915527344	171.3000030517578	1
18413	1989835	55.910850524902344	37.805625915527344	171.3000030517578	1
18414	1989943	55.910850524902344	37.805625915527344	171.3000030517578	1
18415	1990051	55.91084671020508	37.80561828613281	171.3000030517578	1
18416	1990159	55.91084671020508	37.80561828613281	171.3000030517578	1
18417	1990267	55.91084671020508	37.80561828613281	171.3000030517578	1
18418	1990375	55.91084671020508	37.80561828613281	171.3000030517578	1
18419	1990483	55.91084671020508	37.80561828613281	171.3000030517578	1
18420	1990591	55.91084671020508	37.80561828613281	171.3000030517578	1
18421	1990699	55.91084671020508	37.80561828613281	171.3000030517578	1
18422	1990807	55.91084671020508	37.80561828613281	171.3000030517578	1
18423	1990915	55.91084671020508	37.80561828613281	171.3000030517578	1
18424	1991023	55.91084671020508	37.80561828613281	171.3000030517578	1
18425	1991131	55.91084289550781	37.80561065673828	171.10000610351562	1
18426	1991239	55.91084289550781	37.80561065673828	171.10000610351562	1
18427	1991347	55.91084289550781	37.80561065673828	171.10000610351562	1
18428	1991455	55.91084289550781	37.80561065673828	171.10000610351562	1
18429	1991563	55.91084289550781	37.80561065673828	171.10000610351562	1
18430	1991671	55.91084289550781	37.80561065673828	171.10000610351562	1
18431	1991779	55.91084289550781	37.80561065673828	171.10000610351562	1
18432	1991887	55.91084289550781	37.80561065673828	171.10000610351562	1
18433	1991995	55.91084289550781	37.80561065673828	171.10000610351562	1
18434	1992103	55.91084289550781	37.80559539794922	171.3000030517578	1
18435	1992211	55.91084289550781	37.80559539794922	171.3000030517578	1
18436	1992319	55.91084289550781	37.80559539794922	171.3000030517578	1
18437	1992427	55.91084289550781	37.80559539794922	171.3000030517578	1
18438	1992535	55.91084289550781	37.80559539794922	171.3000030517578	1
18439	1992643	55.91084289550781	37.80559539794922	171.3000030517578	1
18440	1992751	55.91084289550781	37.80559539794922	171.3000030517578	1
18441	1992859	55.91084289550781	37.80559539794922	171.3000030517578	1
18442	1992967	55.91084289550781	37.80559539794922	171.3000030517578	1
18443	1993075	55.91084289550781	37.80559539794922	171.3000030517578	1
18444	1993183	55.91084289550781	37.805580139160156	171.10000610351562	1
18445	1993291	55.91084289550781	37.805580139160156	171.10000610351562	1
18446	1993399	55.91084289550781	37.805580139160156	171.10000610351562	1
18447	1993507	55.91084289550781	37.805580139160156	171.10000610351562	1
18448	1993615	55.91084289550781	37.805580139160156	171.10000610351562	1
18449	1993723	55.91084289550781	37.805580139160156	171.10000610351562	1
18450	1993831	55.91084289550781	37.805580139160156	171.10000610351562	1
18451	1993939	55.91084289550781	37.805580139160156	171.10000610351562	1
18452	1994047	55.91084289550781	37.805580139160156	171.10000610351562	1
18453	1994155	55.91084289550781	37.80556106567383	171.0	1
18454	1994263	55.91084289550781	37.80556106567383	171.0	1
18455	1994371	55.91084289550781	37.80556106567383	171.0	1
18456	1994479	55.91084289550781	37.80556106567383	171.0	1
18457	1994587	55.91084289550781	37.80556106567383	171.0	1
18458	1994695	55.91084289550781	37.80556106567383	171.0	1
18459	1994803	55.91084289550781	37.80556106567383	171.0	1
18460	1994911	55.91084289550781	37.80556106567383	171.0	1
18461	1995019	55.91084289550781	37.80556106567383	171.0	1
18462	1995127	55.91084289550781	37.80556106567383	171.0	1
18463	1995235	55.91083908081055	37.80554962158203	170.39999389648438	1
18464	1995343	55.91083908081055	37.80554962158203	170.39999389648438	1
18465	1995451	55.91083908081055	37.80554962158203	170.39999389648438	1
18466	1995559	55.91083908081055	37.80554962158203	170.39999389648438	1
18468	1995775	55.91083908081055	37.80554962158203	170.39999389648438	1
18469	1995883	55.91083908081055	37.80554962158203	170.39999389648438	1
18470	1995991	55.91083908081055	37.80554962158203	170.39999389648438	1
18471	1996099	55.91083908081055	37.80554962158203	170.39999389648438	1
18472	1996207	55.91084289550781	37.805538177490234	170.1999969482422	1
18473	1996315	55.91084289550781	37.805538177490234	170.1999969482422	1
18474	1996423	55.91084289550781	37.805538177490234	170.1999969482422	1
18475	1996531	55.91084289550781	37.805538177490234	170.1999969482422	1
18476	1996639	55.91084289550781	37.805538177490234	170.1999969482422	1
18477	1996747	55.91084289550781	37.805538177490234	170.1999969482422	1
18478	1996855	55.91084289550781	37.805538177490234	170.1999969482422	1
18479	1996963	55.91084289550781	37.805538177490234	170.1999969482422	1
18481	1997179	55.91083908081055	37.805538177490234	169.5	1
18482	1997287	55.91083908081055	37.805538177490234	169.5	1
18483	1997395	55.91083908081055	37.805538177490234	169.5	1
18484	1997503	55.91083908081055	37.805538177490234	169.5	1
18485	1997611	55.91083908081055	37.805538177490234	169.5	1
18486	1997719	55.91083908081055	37.805538177490234	169.5	1
18487	1997827	55.91083908081055	37.805538177490234	169.5	1
18488	1997935	55.91083908081055	37.805538177490234	169.5	1
18489	1998043	55.91083908081055	37.805538177490234	169.5	1
18490	1998151	55.91083908081055	37.805538177490234	169.5	1
18491	1998259	55.910831451416016	37.80554962158203	168.89999389648438	1
18492	1998367	55.910831451416016	37.80554962158203	168.89999389648438	1
18493	1998475	55.910831451416016	37.80554962158203	168.89999389648438	1
18494	1998583	55.910831451416016	37.80554962158203	168.89999389648438	1
18495	1998691	55.910831451416016	37.80554962158203	168.89999389648438	1
18496	1998799	55.910831451416016	37.80554962158203	168.89999389648438	1
18497	1998907	55.910831451416016	37.80554962158203	168.89999389648438	1
18498	1999015	55.910831451416016	37.80554962158203	168.89999389648438	1
18499	1999123	55.910831451416016	37.80554962158203	168.89999389648438	1
18500	1999231	55.910823822021484	37.80556869506836	170.3000030517578	1
18501	1999339	55.910823822021484	37.80556869506836	170.3000030517578	1
18502	1999447	55.910823822021484	37.80556869506836	170.3000030517578	1
18504	1999663	55.910823822021484	37.80556869506836	170.3000030517578	1
18505	1999771	55.910823822021484	37.80556869506836	170.3000030517578	1
18506	1999879	55.910823822021484	37.80556869506836	170.3000030517578	1
18507	1999987	55.910823822021484	37.80556869506836	170.3000030517578	1
18508	2000095	55.910823822021484	37.80556869506836	170.3000030517578	1
18509	2000203	55.910823822021484	37.80556869506836	170.3000030517578	1
18510	2000311	55.910823822021484	37.805572509765625	170.8000030517578	1
18511	2000419	55.910823822021484	37.805572509765625	170.8000030517578	1
18512	2000527	55.910823822021484	37.805572509765625	170.8000030517578	1
18513	2000635	55.910823822021484	37.805572509765625	170.8000030517578	1
18514	2000743	55.910823822021484	37.805572509765625	170.8000030517578	1
18516	2000959	55.910823822021484	37.805572509765625	170.8000030517578	1
18517	2001067	55.910823822021484	37.805572509765625	170.8000030517578	1
18518	2001175	55.910823822021484	37.805572509765625	170.8000030517578	1
18519	2001283	55.910823822021484	37.80557632446289	172.0	1
18520	2001391	55.910823822021484	37.80557632446289	172.0	1
18521	2001499	55.910823822021484	37.80557632446289	172.0	1
18522	2001607	55.910823822021484	37.80557632446289	172.0	1
18523	2001715	55.910823822021484	37.80557632446289	172.0	1
18524	2001823	55.910823822021484	37.80557632446289	172.0	1
18526	2002039	55.910823822021484	37.80557632446289	172.0	1
18529	2002363	55.910823822021484	37.80558395385742	172.3000030517578	1
18530	2002471	55.910823822021484	37.80558395385742	172.3000030517578	1
18531	2002579	55.910823822021484	37.80558395385742	172.3000030517578	1
18532	2002687	55.910823822021484	37.80558395385742	172.3000030517578	1
18533	2002795	55.910823822021484	37.80558395385742	172.3000030517578	1
18534	2002903	55.910823822021484	37.80558395385742	172.3000030517578	1
18535	2003011	55.910823822021484	37.80558395385742	172.3000030517578	1
18536	2003119	55.910823822021484	37.80558395385742	172.3000030517578	1
18537	2003227	55.910823822021484	37.80558395385742	172.3000030517578	1
18538	2003335	55.91082000732422	37.80558395385742	172.89999389648438	1
18539	2003443	55.91082000732422	37.80558395385742	172.89999389648438	1
18540	2003551	55.91082000732422	37.80558395385742	172.89999389648438	1
18541	2003659	55.91082000732422	37.80558395385742	172.89999389648438	1
18542	2003767	55.91082000732422	37.80558395385742	172.89999389648438	1
18543	2003875	55.91082000732422	37.80558395385742	172.89999389648438	1
18544	2003983	55.91082000732422	37.80558395385742	172.89999389648438	1
18545	2004091	55.91082000732422	37.80558395385742	172.89999389648438	1
18546	2004199	55.91082000732422	37.80558395385742	172.89999389648438	1
18547	2004307	55.91080856323242	37.80558776855469	173.5	1
18548	2004415	55.91080856323242	37.80558776855469	173.5	1
18549	2004523	55.91080856323242	37.80558776855469	173.5	1
18550	2004631	55.91080856323242	37.80558776855469	173.5	1
18551	2004739	55.91080856323242	37.80558776855469	173.5	1
18552	2004847	55.91080856323242	37.80558776855469	173.5	1
18553	2004955	55.91080856323242	37.80558776855469	173.5	1
18554	2005063	55.91080856323242	37.80558776855469	173.5	1
18556	2005279	55.91080856323242	37.80558776855469	173.5	1
18557	2005387	55.91080093383789	37.80558395385742	174.1999969482422	1
18559	2005603	55.91080093383789	37.80558395385742	174.1999969482422	1
18560	2005711	55.91080093383789	37.80558395385742	174.1999969482422	1
18561	2005819	55.91080093383789	37.80558395385742	174.1999969482422	1
18563	2006035	55.91080093383789	37.80558395385742	174.1999969482422	1
18564	2006143	55.91080093383789	37.80558395385742	174.1999969482422	1
18565	2006251	55.91080093383789	37.80558395385742	174.1999969482422	1
18566	2006359	55.91079330444336	37.80557632446289	174.6999969482422	1
18567	2006467	55.91079330444336	37.80557632446289	174.6999969482422	1
18568	2006575	55.91079330444336	37.80557632446289	174.6999969482422	1
18569	2006683	55.91079330444336	37.80557632446289	174.6999969482422	1
18570	2006791	55.91079330444336	37.80557632446289	174.6999969482422	1
18571	2006899	55.91079330444336	37.80557632446289	174.6999969482422	1
18572	2007007	55.91079330444336	37.80557632446289	174.6999969482422	1
18573	2007115	55.91079330444336	37.80557632446289	174.6999969482422	1
18574	2007223	55.91079330444336	37.80557632446289	174.6999969482422	1
18575	2007331	55.91078567504883	37.80557632446289	175.3000030517578	1
18576	2007439	55.91078567504883	37.80557632446289	175.3000030517578	1
18577	2007547	55.91078567504883	37.80557632446289	175.3000030517578	1
18578	2007655	55.91078567504883	37.80557632446289	175.3000030517578	1
18579	2007763	55.91078567504883	37.80557632446289	175.3000030517578	1
18580	2007871	55.91078567504883	37.80557632446289	175.3000030517578	1
18581	2007979	55.91078567504883	37.80557632446289	175.3000030517578	1
18582	2008087	55.91078567504883	37.80557632446289	175.3000030517578	1
18584	2008303	55.91078567504883	37.80557632446289	175.3000030517578	1
18585	2008411	55.9107780456543	37.805580139160156	176.0	1
18586	2008519	55.9107780456543	37.805580139160156	176.0	1
18587	2008627	55.9107780456543	37.805580139160156	176.0	1
18588	2008735	55.9107780456543	37.805580139160156	176.0	1
18590	2008951	55.9107780456543	37.805580139160156	176.0	1
18591	2009059	55.9107780456543	37.805580139160156	176.0	1
18592	2009167	55.9107780456543	37.805580139160156	176.0	1
18593	2009275	55.9107780456543	37.805580139160156	176.0	1
18594	2009383	55.910770416259766	37.80558395385742	176.60000610351562	1
18595	2009491	55.910770416259766	37.80558395385742	176.60000610351562	1
18596	2009599	55.910770416259766	37.80558395385742	176.60000610351562	1
18598	2009815	55.910770416259766	37.80558395385742	176.60000610351562	1
18599	2009923	55.910770416259766	37.80558395385742	176.60000610351562	1
18600	2010031	55.910770416259766	37.80558395385742	176.60000610351562	1
18601	2010139	55.910770416259766	37.80558395385742	176.60000610351562	1
18603	2010355	55.910770416259766	37.80558395385742	176.60000610351562	1
18604	2010463	55.91075897216797	37.80558395385742	176.8000030517578	1
18606	2010679	55.91075897216797	37.80558395385742	176.8000030517578	1
18607	2010787	55.91075897216797	37.80558395385742	176.8000030517578	1
18608	2010895	55.91075897216797	37.80558395385742	176.8000030517578	1
18609	2011003	55.91075897216797	37.80558395385742	176.8000030517578	1
18610	2011111	55.91075897216797	37.80558395385742	176.8000030517578	1
18611	2011219	55.91075897216797	37.80558395385742	176.8000030517578	1
18612	2011327	55.91075897216797	37.80558395385742	176.8000030517578	1
18613	2011435	55.91074752807617	37.80559158325195	177.10000610351562	1
18614	2011543	55.91074752807617	37.80559158325195	177.10000610351562	1
18615	2011651	55.91074752807617	37.80559158325195	177.10000610351562	1
18616	2011759	55.91074752807617	37.80559158325195	177.10000610351562	1
18617	2011867	55.91074752807617	37.80559158325195	177.10000610351562	1
18618	2011975	55.91074752807617	37.80559158325195	177.10000610351562	1
18619	2012083	55.91074752807617	37.80559158325195	177.10000610351562	1
18620	2012191	55.91074752807617	37.80559158325195	177.10000610351562	1
18621	2012299	55.91074752807617	37.80559158325195	177.10000610351562	1
18622	2012407	55.910743713378906	37.80558776855469	177.6999969482422	1
18623	2012515	55.910743713378906	37.80558776855469	177.6999969482422	1
18624	2012623	55.910743713378906	37.80558776855469	177.6999969482422	1
18626	2012839	55.910743713378906	37.80558776855469	177.6999969482422	1
18627	2012947	55.910743713378906	37.80558776855469	177.6999969482422	1
18628	2013055	55.910743713378906	37.80558776855469	177.6999969482422	1
18629	2013163	55.910743713378906	37.80558776855469	177.6999969482422	1
18631	2013379	55.910743713378906	37.80558776855469	177.6999969482422	1
18632	2013487	55.91073226928711	37.80558776855469	177.89999389648438	1
18634	2013703	55.91073226928711	37.80558776855469	177.89999389648438	1
18637	2014027	55.91073226928711	37.80558776855469	177.89999389648438	1
18638	2014135	55.91073226928711	37.80558776855469	177.89999389648438	1
18639	2014243	55.91073226928711	37.80558776855469	177.89999389648438	1
18641	2014459	55.91072082519531	37.80559158325195	178.1999969482422	1
18642	2014567	55.91072082519531	37.80559158325195	178.1999969482422	1
18643	2014675	55.91072082519531	37.80559158325195	178.1999969482422	1
18644	2014783	55.91072082519531	37.80559158325195	178.1999969482422	1
18646	2014999	55.91072082519531	37.80559158325195	178.1999969482422	1
18647	2015107	55.91072082519531	37.80559158325195	178.1999969482422	1
18649	2015323	55.91072082519531	37.80559158325195	178.1999969482422	1
18651	2015539	55.91071319580078	37.80559539794922	178.39999389648438	1
18652	2015647	55.91071319580078	37.80559539794922	178.39999389648438	1
18653	2015755	55.91071319580078	37.80559539794922	178.39999389648438	1
18654	2015863	55.91071319580078	37.80559539794922	178.39999389648438	1
18655	2015971	55.91071319580078	37.80559539794922	178.39999389648438	1
18656	2016079	55.91071319580078	37.80559539794922	178.39999389648438	1
18657	2016187	55.91071319580078	37.80559539794922	178.39999389648438	1
18658	2016295	55.91071319580078	37.80559539794922	178.39999389648438	1
18660	2016511	55.91070556640625	37.80559539794922	179.10000610351562	1
18661	2016619	55.91070556640625	37.80559539794922	179.10000610351562	1
18662	2016727	55.91070556640625	37.80559539794922	179.10000610351562	1
18663	2016835	55.91070556640625	37.80559539794922	179.10000610351562	1
18664	2016943	55.91070556640625	37.80559539794922	179.10000610351562	1
18666	2017159	55.91070556640625	37.80559539794922	179.10000610351562	1
18667	2017267	55.91070556640625	37.80559539794922	179.10000610351562	1
18668	2017375	55.91070556640625	37.80559539794922	179.10000610351562	1
18669	2017483	55.91069793701172	37.80559539794922	179.5	1
18670	2017591	55.91069793701172	37.80559539794922	179.5	1
18671	2017699	55.91069793701172	37.80559539794922	179.5	1
18672	2017807	55.91069793701172	37.80559539794922	179.5	1
18673	2017915	55.91069793701172	37.80559539794922	179.5	1
18674	2018023	55.91069793701172	37.80559539794922	179.5	1
18676	2018239	55.91069793701172	37.80559539794922	179.5	1
18677	2018347	55.91069793701172	37.80559539794922	179.5	1
18678	2018455	55.91069793701172	37.80559539794922	179.5	1
18679	2018563	55.91068649291992	37.80558776855469	179.6999969482422	1
18680	2018671	55.91068649291992	37.80558776855469	179.6999969482422	1
18681	2018779	55.91068649291992	37.80558776855469	179.6999969482422	1
18682	2018887	55.91068649291992	37.80558776855469	179.6999969482422	1
18683	2018995	55.91068649291992	37.80558776855469	179.6999969482422	1
18684	2019103	55.91068649291992	37.80558776855469	179.6999969482422	1
18685	2019211	55.91068649291992	37.80558776855469	179.6999969482422	1
18686	2019319	55.91068649291992	37.80558776855469	179.6999969482422	1
18687	2019427	55.91068649291992	37.80558776855469	179.6999969482422	1
18688	2019535	55.910675048828125	37.80559158325195	180.0	1
18689	2019643	55.910675048828125	37.80559158325195	180.0	1
18690	2019751	55.910675048828125	37.80559158325195	180.0	1
18691	2019859	55.910675048828125	37.80559158325195	180.0	1
18692	2019967	55.910675048828125	37.80559158325195	180.0	1
18693	2020075	55.910675048828125	37.80559158325195	180.0	1
18695	2020291	55.910675048828125	37.80559158325195	180.0	1
18696	2020399	55.910675048828125	37.80559158325195	180.0	1
18698	2020615	55.910667419433594	37.80559158325195	180.0	1
18699	2020723	55.910667419433594	37.80559158325195	180.0	1
18700	2020831	55.910667419433594	37.80559158325195	180.0	1
18701	2020939	55.910667419433594	37.80559158325195	180.0	1
18702	2021047	55.910667419433594	37.80559158325195	180.0	1
18703	2021155	55.910667419433594	37.80559158325195	180.0	1
18704	2021263	55.910667419433594	37.80559158325195	180.0	1
18705	2021371	55.910667419433594	37.80559158325195	180.0	1
18706	2021479	55.910667419433594	37.80559158325195	180.0	1
18707	2021587	55.91065979003906	37.80559539794922	180.3000030517578	1
18708	2021695	55.91065979003906	37.80559539794922	180.3000030517578	1
18709	2021803	55.91065979003906	37.80559539794922	180.3000030517578	1
18710	2021911	55.91065979003906	37.80559539794922	180.3000030517578	1
18711	2022019	55.91065979003906	37.80559539794922	180.3000030517578	1
18712	2022127	55.91065979003906	37.80559539794922	180.3000030517578	1
18713	2022235	55.91065979003906	37.80559539794922	180.3000030517578	1
18714	2022343	55.91065979003906	37.80559539794922	180.3000030517578	1
18715	2022451	55.91065979003906	37.80559539794922	180.3000030517578	1
18716	2022559	55.910648345947266	37.80559539794922	180.60000610351562	1
18717	2022667	55.910648345947266	37.80559539794922	180.60000610351562	1
18718	2022775	55.910648345947266	37.80559539794922	180.60000610351562	1
18719	2022883	55.910648345947266	37.80559539794922	180.60000610351562	1
18720	2022991	55.910648345947266	37.80559539794922	180.60000610351562	1
18721	2023099	55.910648345947266	37.80559539794922	180.60000610351562	1
18722	2023207	55.910648345947266	37.80559539794922	180.60000610351562	1
18723	2023315	55.910648345947266	37.80559539794922	180.60000610351562	1
18724	2023423	55.910648345947266	37.80559539794922	180.60000610351562	1
18725	2023531	55.910648345947266	37.80559539794922	180.60000610351562	1
18726	2023639	55.910640716552734	37.80559539794922	181.1999969482422	1
18727	2023747	55.910640716552734	37.80559539794922	181.1999969482422	1
18728	2023855	55.910640716552734	37.80559539794922	181.1999969482422	1
18729	2023963	55.910640716552734	37.80559539794922	181.1999969482422	1
18730	2024071	55.910640716552734	37.80559539794922	181.1999969482422	1
18732	2024287	55.910640716552734	37.80559539794922	181.1999969482422	1
18733	2024395	55.910640716552734	37.80559539794922	181.1999969482422	1
18734	2024503	55.910640716552734	37.80559539794922	181.1999969482422	1
18735	2024611	55.9106330871582	37.80559539794922	181.6999969482422	1
18736	2024719	55.9106330871582	37.80559539794922	181.6999969482422	1
18738	2024935	55.9106330871582	37.80559539794922	181.6999969482422	1
18739	2025043	55.9106330871582	37.80559539794922	181.6999969482422	1
18740	2025151	55.9106330871582	37.80559539794922	181.6999969482422	1
18741	2025259	55.9106330871582	37.80559539794922	181.6999969482422	1
18742	2025367	55.9106330871582	37.80559539794922	181.6999969482422	1
18743	2025475	55.9106330871582	37.80559539794922	181.6999969482422	1
18744	2025583	55.9106330871582	37.80559539794922	181.6999969482422	1
18747	2025907	55.910621643066406	37.80559539794922	181.8000030517578	1
18748	2026015	55.910621643066406	37.80559539794922	181.8000030517578	1
18749	2026123	55.910621643066406	37.80559539794922	181.8000030517578	1
18750	2026231	55.910621643066406	37.80559539794922	181.8000030517578	1
18751	2026339	55.910621643066406	37.80559539794922	181.8000030517578	1
18752	2026447	55.910621643066406	37.80559539794922	181.8000030517578	1
18753	2026555	55.910621643066406	37.80559539794922	181.8000030517578	1
18754	2026663	55.91061019897461	37.80559539794922	181.8000030517578	1
18755	2026771	55.91061019897461	37.80559539794922	181.8000030517578	1
18756	2026879	55.91061019897461	37.80559539794922	181.8000030517578	1
18757	2026987	55.91061019897461	37.80559539794922	181.8000030517578	1
18758	2027095	55.91061019897461	37.80559539794922	181.8000030517578	1
18759	2027203	55.91061019897461	37.80559539794922	181.8000030517578	1
18761	2027419	55.91061019897461	37.80559539794922	181.8000030517578	1
18762	2027527	55.91061019897461	37.80559539794922	181.8000030517578	1
18763	2027635	55.91060256958008	37.805599212646484	182.0	1
18764	2027743	55.91060256958008	37.805599212646484	182.0	1
18765	2027851	55.91060256958008	37.805599212646484	182.0	1
18766	2027959	55.91060256958008	37.805599212646484	182.0	1
18767	2028067	55.91060256958008	37.805599212646484	182.0	1
18768	2028175	55.91060256958008	37.805599212646484	182.0	1
18769	2028283	55.91060256958008	37.805599212646484	182.0	1
18770	2028391	55.91060256958008	37.805599212646484	182.0	1
18771	2028499	55.91060256958008	37.805599212646484	182.0	1
18773	2028715	55.91059112548828	37.805599212646484	182.0	1
18775	2028931	55.91059112548828	37.805599212646484	182.0	1
18776	2029039	55.91059112548828	37.805599212646484	182.0	1
18778	2029255	55.91059112548828	37.805599212646484	182.0	1
18779	2029363	55.91059112548828	37.805599212646484	182.0	1
18780	2029471	55.91059112548828	37.805599212646484	182.0	1
18781	2029579	55.91059112548828	37.805599212646484	182.0	1
18784	2029903	55.910579681396484	37.80559539794922	182.3000030517578	1
18785	2030011	55.910579681396484	37.80559539794922	182.3000030517578	1
18787	2030227	55.910579681396484	37.80559539794922	182.3000030517578	1
18788	2030335	55.910579681396484	37.80559539794922	182.3000030517578	1
18790	2030551	55.910579681396484	37.80559539794922	182.3000030517578	1
18791	2030659	55.910579681396484	37.80559539794922	182.3000030517578	1
18792	2030767	55.91057586669922	37.805599212646484	183.0	1
18793	2030875	55.91057586669922	37.805599212646484	183.0	1
18794	2030983	55.91057586669922	37.805599212646484	183.0	1
18795	2031091	55.91057586669922	37.805599212646484	183.0	1
18797	2031307	55.91057586669922	37.805599212646484	183.0	1
18798	2031415	55.91057586669922	37.805599212646484	183.0	1
18799	2031523	55.91057586669922	37.805599212646484	183.0	1
18800	2031631	55.91057586669922	37.805599212646484	183.0	1
18803	2031955	55.91056442260742	37.805599212646484	183.5	1
18804	2032063	55.91056442260742	37.805599212646484	183.5	1
18805	2032171	55.91056442260742	37.805599212646484	183.5	1
18807	2032387	55.91056442260742	37.805599212646484	183.5	1
18811	2032819	55.91055679321289	37.805599212646484	183.8000030517578	1
18812	2032927	55.91055679321289	37.805599212646484	183.8000030517578	1
18814	2033143	55.91055679321289	37.805599212646484	183.8000030517578	1
18818	2033575	55.91055679321289	37.805599212646484	183.8000030517578	1
18823	2034115	55.91054916381836	37.805599212646484	184.0	1
18824	2034223	55.91054916381836	37.805599212646484	184.0	1
18825	2034331	55.91054916381836	37.805599212646484	184.0	1
18826	2034439	55.91054916381836	37.805599212646484	184.0	1
18827	2034547	55.91054916381836	37.805599212646484	184.0	1
18828	2034655	55.91054916381836	37.805599212646484	184.0	1
18829	2034763	55.910545349121094	37.805599212646484	184.3000030517578	1
18830	2034871	55.910545349121094	37.805599212646484	184.3000030517578	1
18831	2034979	55.910545349121094	37.805599212646484	184.3000030517578	1
18832	2035087	55.910545349121094	37.805599212646484	184.3000030517578	1
18833	2035195	55.910545349121094	37.805599212646484	184.3000030517578	1
18834	2035303	55.910545349121094	37.805599212646484	184.3000030517578	1
18835	2035411	55.910545349121094	37.805599212646484	184.3000030517578	1
18836	2035519	55.910545349121094	37.805599212646484	184.3000030517578	1
18837	2035627	55.910545349121094	37.805599212646484	184.3000030517578	1
18840	2035951	55.91053771972656	37.80560302734375	184.8000030517578	1
18842	2036167	55.91053771972656	37.80560302734375	184.8000030517578	1
18843	2036275	55.91053771972656	37.80560302734375	184.8000030517578	1
18845	2036491	55.91053771972656	37.80560302734375	184.8000030517578	1
18848	2036815	55.910526275634766	37.80560302734375	184.8000030517578	1
18849	2036923	55.910526275634766	37.80560302734375	184.8000030517578	1
18850	2037031	55.910526275634766	37.80560302734375	184.8000030517578	1
18854	2037463	55.910526275634766	37.80560302734375	184.8000030517578	1
18855	2037571	55.910526275634766	37.80560302734375	184.8000030517578	1
18858	2037895	55.910518646240234	37.80560302734375	184.60000610351562	1
18860	2038111	55.910518646240234	37.80560302734375	184.60000610351562	1
18861	2038219	55.910518646240234	37.80560302734375	184.60000610351562	1
18863	2038435	55.910518646240234	37.80560302734375	184.60000610351562	1
18866	2038759	55.910518646240234	37.80560302734375	184.60000610351562	1
18867	2038867	55.91050720214844	37.805599212646484	184.60000610351562	1
18869	2039083	55.91050720214844	37.805599212646484	184.60000610351562	1
18870	2039191	55.91050720214844	37.805599212646484	184.60000610351562	1
18871	2039299	55.91050720214844	37.805599212646484	184.60000610351562	1
18872	2039407	55.91050720214844	37.805599212646484	184.60000610351562	1
18873	2039515	55.91050720214844	37.805599212646484	184.60000610351562	1
18874	2039623	55.91050720214844	37.805599212646484	184.60000610351562	1
18875	2039731	55.91050720214844	37.805599212646484	184.60000610351562	1
18876	2039839	55.910491943359375	37.805599212646484	184.1999969482422	1
18877	2039947	55.910491943359375	37.805599212646484	184.1999969482422	1
18878	2040055	55.910491943359375	37.805599212646484	184.1999969482422	1
18879	2040163	55.910491943359375	37.805599212646484	184.1999969482422	1
18881	2040379	55.910491943359375	37.805599212646484	184.1999969482422	1
18882	2040487	55.910491943359375	37.805599212646484	184.1999969482422	1
18883	2040595	55.910491943359375	37.805599212646484	184.1999969482422	1
18884	2040703	55.910491943359375	37.805599212646484	184.1999969482422	1
18885	2040811	55.91048049926758	37.805599212646484	184.1999969482422	1
18887	2041027	55.91048049926758	37.805599212646484	184.1999969482422	1
18888	2041135	55.91048049926758	37.805599212646484	184.1999969482422	1
18889	2041243	55.91048049926758	37.805599212646484	184.1999969482422	1
18890	2041351	55.91048049926758	37.805599212646484	184.1999969482422	1
18891	2041459	55.91048049926758	37.805599212646484	184.1999969482422	1
18892	2041567	55.91048049926758	37.805599212646484	184.1999969482422	1
18894	2041783	55.91048049926758	37.805599212646484	184.1999969482422	1
18895	2041891	55.91046905517578	37.805599212646484	184.39999389648438	1
18897	2042107	55.91046905517578	37.805599212646484	184.39999389648438	1
18898	2042215	55.91046905517578	37.805599212646484	184.39999389648438	1
18899	2042323	55.91046905517578	37.805599212646484	184.39999389648438	1
18900	2042431	55.91046905517578	37.805599212646484	184.39999389648438	1
18901	2042539	55.91046905517578	37.805599212646484	184.39999389648438	1
18903	2042755	55.91046905517578	37.805599212646484	184.39999389648438	1
18904	2042863	55.910457611083984	37.805599212646484	184.0	1
18905	2042971	55.910457611083984	37.805599212646484	184.0	1
18906	2043079	55.910457611083984	37.805599212646484	184.0	1
18907	2043187	55.910457611083984	37.805599212646484	184.0	1
18908	2043295	55.910457611083984	37.805599212646484	184.0	1
18910	2043511	55.910457611083984	37.805599212646484	184.0	1
18911	2043619	55.910457611083984	37.805599212646484	184.0	1
18913	2043835	55.910457611083984	37.805599212646484	184.0	1
18914	2043943	55.91044616699219	37.805599212646484	184.39999389648438	1
18916	2044159	55.91044616699219	37.805599212646484	184.39999389648438	1
18917	2044267	55.91044616699219	37.805599212646484	184.39999389648438	1
18918	2044375	55.91044616699219	37.805599212646484	184.39999389648438	1
18919	2044483	55.91044616699219	37.805599212646484	184.39999389648438	1
18920	2044591	55.91044616699219	37.805599212646484	184.39999389648438	1
18921	2044699	55.91044616699219	37.805599212646484	184.39999389648438	1
18922	2044807	55.91044616699219	37.805599212646484	184.39999389648438	1
18923	2044915	55.910430908203125	37.80559539794922	184.10000610351562	1
18925	2045131	55.910430908203125	37.80559539794922	184.10000610351562	1
18927	2045347	55.910430908203125	37.80559539794922	184.10000610351562	1
18928	2045455	55.910430908203125	37.80559539794922	184.10000610351562	1
18930	2045671	55.910430908203125	37.80559539794922	184.10000610351562	1
18933	2045995	55.91041946411133	37.80559539794922	184.39999389648438	1
18935	2046211	55.91041946411133	37.80559539794922	184.39999389648438	1
18936	2046319	55.91041946411133	37.80559539794922	184.39999389648438	1
18937	2046427	55.91041946411133	37.80559539794922	184.39999389648438	1
18938	2046535	55.91041946411133	37.80559539794922	184.39999389648438	1
18939	2046643	55.91041946411133	37.80559539794922	184.39999389648438	1
18940	2046751	55.91041946411133	37.80559539794922	184.39999389648438	1
18941	2046859	55.91041946411133	37.80559539794922	184.39999389648438	1
18942	2046967	55.9104118347168	37.805599212646484	184.5	1
18944	2047183	55.9104118347168	37.805599212646484	184.5	1
18945	2047291	55.9104118347168	37.805599212646484	184.5	1
18946	2047399	55.9104118347168	37.805599212646484	184.5	1
18948	2047615	55.9104118347168	37.805599212646484	184.5	1
18949	2047723	55.9104118347168	37.805599212646484	184.5	1
18952	2048047	55.910404205322266	37.80559539794922	184.60000610351562	1
18955	2048371	55.910404205322266	37.80559539794922	184.60000610351562	1
18956	2048479	55.910404205322266	37.80559539794922	184.60000610351562	1
18961	2049019	55.910396575927734	37.80559158325195	184.6999969482422	1
18963	2049235	55.910396575927734	37.80559158325195	184.6999969482422	1
18964	2049343	55.910396575927734	37.80559158325195	184.6999969482422	1
18966	2049559	55.910396575927734	37.80559158325195	184.6999969482422	1
18968	2049775	55.910396575927734	37.80559158325195	184.6999969482422	1
18969	2049883	55.910396575927734	37.80559158325195	184.6999969482422	1
18970	2049991	55.91038513183594	37.80558776855469	184.60000610351562	1
18971	2050099	55.91038513183594	37.80558776855469	184.60000610351562	1
18973	2050315	55.91038513183594	37.80558776855469	184.60000610351562	1
18974	2050423	55.91038513183594	37.80558776855469	184.60000610351562	1
18975	2050531	55.91038513183594	37.80558776855469	184.60000610351562	1
18976	2050639	55.91038513183594	37.80558776855469	184.60000610351562	1
18977	2050747	55.91038513183594	37.80558776855469	184.60000610351562	1
18978	2050855	55.91038513183594	37.80558776855469	184.60000610351562	1
18980	2051071	55.910377502441406	37.80558395385742	184.8000030517578	1
18981	2051179	55.910377502441406	37.80558395385742	184.8000030517578	1
18982	2051287	55.910377502441406	37.80558395385742	184.8000030517578	1
18983	2051395	55.910377502441406	37.80558395385742	184.8000030517578	1
18984	2051503	55.910377502441406	37.80558395385742	184.8000030517578	1
18985	2051611	55.910377502441406	37.80558395385742	184.8000030517578	1
18986	2051719	55.910377502441406	37.80558395385742	184.8000030517578	1
18987	2051827	55.910377502441406	37.80558395385742	184.8000030517578	1
18988	2051935	55.910377502441406	37.80558395385742	184.8000030517578	1
18989	2052043	55.910369873046875	37.805580139160156	184.6999969482422	1
18991	2052259	55.910369873046875	37.805580139160156	184.6999969482422	1
18992	2052367	55.910369873046875	37.805580139160156	184.6999969482422	1
18993	2052475	55.910369873046875	37.805580139160156	184.6999969482422	1
18994	2052583	55.910369873046875	37.805580139160156	184.6999969482422	1
18995	2052691	55.910369873046875	37.805580139160156	184.6999969482422	1
18998	2053015	55.910362243652344	37.805580139160156	184.1999969482422	1
19001	2053339	55.910362243652344	37.805580139160156	184.1999969482422	1
19004	2053663	55.910362243652344	37.805580139160156	184.1999969482422	1
19005	2053771	55.910362243652344	37.805580139160156	184.1999969482422	1
19006	2053879	55.910362243652344	37.805580139160156	184.1999969482422	1
19008	2054095	55.91035079956055	37.805580139160156	184.0	1
19010	2054311	55.91035079956055	37.805580139160156	184.0	1
19012	2054527	55.91035079956055	37.805580139160156	184.0	1
19013	2054635	55.91035079956055	37.805580139160156	184.0	1
19015	2054851	55.91035079956055	37.805580139160156	184.0	1
19016	2054959	55.91035079956055	37.805580139160156	184.0	1
19017	2055067	55.910343170166016	37.80557632446289	184.0	1
19018	2055175	55.910343170166016	37.80557632446289	184.0	1
19019	2055283	55.910343170166016	37.80557632446289	184.0	1
19022	2055607	55.910343170166016	37.80557632446289	184.0	1
19024	2055823	55.910343170166016	37.80557632446289	184.0	1
19027	2056147	55.91032791137695	37.80557632446289	184.0	1
19036	2057119	55.91031265258789	37.805572509765625	183.89999389648438	1
19037	2057227	55.91031265258789	37.805572509765625	183.89999389648438	1
19044	2057983	55.91031265258789	37.805572509765625	183.89999389648438	1
19045	2058091	55.910301208496094	37.805572509765625	183.60000610351562	1
19046	2058199	55.910301208496094	37.805572509765625	183.60000610351562	1
19047	2058307	55.910301208496094	37.805572509765625	183.60000610351562	1
19051	2058739	55.910301208496094	37.805572509765625	183.60000610351562	1
19053	2058955	55.910301208496094	37.805572509765625	183.60000610351562	1
19056	2059279	55.9102897644043	37.805572509765625	183.39999389648438	1
19057	2059387	55.9102897644043	37.805572509765625	183.39999389648438	1
19058	2059495	55.9102897644043	37.805572509765625	183.39999389648438	1
19060	2059711	55.9102897644043	37.805572509765625	183.39999389648438	1
19062	2059927	55.9102897644043	37.805572509765625	183.39999389648438	1
19063	2060035	55.9102897644043	37.805572509765625	183.39999389648438	1
19064	2060143	55.9102783203125	37.805572509765625	183.3000030517578	1
19065	2060251	55.9102783203125	37.805572509765625	183.3000030517578	1
19067	2060467	55.9102783203125	37.805572509765625	183.3000030517578	1
19068	2060575	55.9102783203125	37.805572509765625	183.3000030517578	1
19070	2060791	55.9102783203125	37.805572509765625	183.3000030517578	1
19074	2061223	55.91027069091797	37.80556869506836	182.60000610351562	1
19075	2061331	55.91027069091797	37.80556869506836	182.60000610351562	1
19076	2061439	55.91027069091797	37.80556869506836	182.60000610351562	1
19077	2061547	55.91027069091797	37.80556869506836	182.60000610351562	1
19078	2061655	55.91027069091797	37.80556869506836	182.60000610351562	1
19079	2061763	55.91027069091797	37.80556869506836	182.60000610351562	1
19080	2061871	55.91027069091797	37.80556869506836	182.60000610351562	1
19081	2061979	55.91027069091797	37.80556869506836	182.60000610351562	1
19082	2062087	55.91027069091797	37.80556869506836	182.60000610351562	1
19084	2062303	55.91026306152344	37.805572509765625	183.3000030517578	1
19085	2062411	55.91026306152344	37.805572509765625	183.3000030517578	1
19086	2062519	55.91026306152344	37.805572509765625	183.3000030517578	1
19091	2063059	55.91026306152344	37.805572509765625	183.3000030517578	1
19092	2063167	55.910247802734375	37.80557632446289	183.10000610351562	1
19096	2063599	55.910247802734375	37.80557632446289	183.10000610351562	1
19101	2064139	55.91023635864258	37.80557632446289	183.3000030517578	1
19103	2064355	55.91023635864258	37.80557632446289	183.3000030517578	1
19107	2064787	55.91023635864258	37.80557632446289	183.3000030517578	1
19112	2065327	55.91022491455078	37.80557632446289	183.3000030517578	1
19113	2065435	55.91022491455078	37.80557632446289	183.3000030517578	1
19115	2065651	55.91022491455078	37.80557632446289	183.3000030517578	1
19116	2065759	55.91022491455078	37.80557632446289	183.3000030517578	1
19117	2065867	55.91022491455078	37.80557632446289	183.3000030517578	1
19119	2066083	55.91022491455078	37.80557632446289	183.3000030517578	1
19121	2066299	55.91021728515625	37.80557632446289	183.89999389648438	1
19123	2066515	55.91021728515625	37.80557632446289	183.89999389648438	1
19127	2066947	55.91021728515625	37.80557632446289	183.89999389648438	1
19128	2067055	55.91021728515625	37.80557632446289	183.89999389648438	1
19131	2067379	55.91020965576172	37.805580139160156	184.5	1
19133	2067595	55.91020965576172	37.805580139160156	184.5	1
19134	2067703	55.91020965576172	37.805580139160156	184.5	1
19142	2068567	55.91019821166992	37.80557632446289	184.8000030517578	1
19143	2068675	55.91019821166992	37.80557632446289	184.8000030517578	1
19144	2068783	55.91019821166992	37.80557632446289	184.8000030517578	1
19151	2069539	55.910186767578125	37.80557632446289	185.3000030517578	1
19153	2069755	55.910186767578125	37.80557632446289	185.3000030517578	1
19154	2069863	55.910186767578125	37.80557632446289	185.3000030517578	1
19155	2069971	55.910186767578125	37.80557632446289	185.3000030517578	1
19158	2070295	55.910179138183594	37.805572509765625	185.1999969482422	1
19159	2070403	55.910179138183594	37.805572509765625	185.1999969482422	1
19161	2070619	55.910179138183594	37.805572509765625	185.1999969482422	1
19177	2072347	55.91014099121094	37.80557632446289	184.5	1
19178	2072455	55.91014099121094	37.80557632446289	184.5	1
19187	2073427	55.91012954711914	37.80558395385742	185.39999389648438	1
19188	2073535	55.91012954711914	37.80558395385742	185.39999389648438	1
19189	2073643	55.91012954711914	37.80558395385742	185.39999389648438	1
19190	2073751	55.91012954711914	37.80558395385742	185.39999389648438	1
19191	2073859	55.91012954711914	37.80558395385742	185.39999389648438	1
