Номер пакета	Время	Давление	Температура	Высота	Состояние
18385	1986.81103515625	99496.70782688976	29.583566665649414	-0.7895641129753606	4
18386	1986.9189453125	99496.70782688976	29.583566665649414	-0.7895641129753606	4
18387	1987.0269775390625	99496.20747445681	29.580394744873047	-0.7471710389504493	4
18388	1987.135009765625	99498.77888866651	29.579126358032227	-0.9650960993127744	4
18389	1987.2430419921875	99498.77888866651	29.579126358032227	-0.9650960993127744	4
18390	1987.3509521484375	99496.53627541718	29.58134651184082	-0.7749915132418383	4
18391	1987.458984375	99494.92354875624	29.576587677001953	-0.6378755993203411	4
18392	1987.5670166015625	99494.92354875624	29.576587677001953	-0.6378755993203411	4
18393	1987.675048828125	99496.7747998157	29.57309913635254	-0.7948632351016061	4
18394	1987.782958984375	99496.46295527098	29.5689754486084	-0.768367597529438	4
18395	1987.8909912109375	99496.46295527098	29.5689754486084	-0.768367597529438	4
18396	1987.9990234375	99498.18733148031	29.5689754486084	-0.9147551528613462	4
18397	1988.1070556640625	99499.28623867055	29.565170288085938	-1.0081506631797965	4
18398	1988.2149658203125	99499.28623867055	29.565170288085938	-1.0081506631797965	4
18399	1988.322998046875	99499.3682976302	29.555971145629883	-1.014774426440137	4
18400	1988.4310302734375	99497.92627798369	29.555654525756836	-0.892896508264891	4
18401	1988.5389404296875	99497.92627798369	29.555654525756836	-0.892896508264891	4
18402	1988.64697265625	99498.82228861883	29.5493106842041	-0.9684079951565794	4
18403	1988.7550048828125	99497.74206671555	29.545820236206055	-0.8769992833826912	4
18404	1988.863037109375	99497.74206671555	29.545820236206055	-0.8769992833826912	4
18405	1988.970947265625	99499.38946385305	29.542015075683594	-1.0167615545953446	4
18406	1989.0789794921875	99498.18583005846	29.533451080322266	-0.9147551528613462	4
18407	1989.18701171875	99498.18583005846	29.533451080322266	-0.9147551528613462	4
18408	1989.2950439453125	99498.14017786582	29.52996063232422	-0.9107808572468845	4
18409	1989.4029541015625	99497.56369128612	29.521080017089844	-0.8617644201187602	4
18410	1989.510986328125	99497.56369128612	29.521080017089844	-0.8617644201187602	4
18411	1989.6190185546875	99496.01603172126	29.510295867919922	-0.7306111975495067	4
18412	1989.72705078125	99496.67772874184	29.501415252685547	-0.786914550903306	4
18413	1989.8349609375	99496.67772874184	29.501415252685547	-0.786914550903306	4
18414	1989.9429931640625	99497.32575023221	29.487140655517578	-0.8418928258568781	4
18415	1990.051025390625	99498.59759654327	29.48111343383789	-0.9491989846059301	4
18416	1990.1590576171875	99498.59759654327	29.48111343383789	-0.9491989846059301	4
18417	1990.2669677734375	99497.74183204191	29.463985443115234	-0.8769992833826912	4
18418	1990.375	99497.91811616598	29.453201293945312	-0.8922341243713761	4
18419	1990.4830322265625	99497.91811616598	29.453201293945312	-0.8922341243713761	4
18420	1990.5909423828125	99496.69909974377	29.443368911743164	-0.7882393320279224	4
18421	1990.698974609375	99499.31643005973	29.44368553161621	-1.0108001689879065	4
18422	1990.8070068359375	99499.31643005973	29.44368553161621	-1.0108001689879065	4
18423	1990.9150390625	99500.24400487017	29.43543815612793	-1.0889602872834026	4
18424	1991.02294921875	99500.52921733144	29.426557540893555	-1.113468000234814	4
18425	1991.1309814453125	99500.52921733144	29.426557540893555	-1.113468000234814	4
18427	1991.3470458984375	99500.07897842782	29.413869857788086	-1.075050478618751	4
18428	1991.4549560546875	99500.07897842782	29.413869857788086	-1.075050478618751	4
18429	1991.56298828125	99501.49230040863	29.405622482299805	-1.1949391721670422	4
18430	1991.6710205078125	99499.29990704045	29.40054702758789	-1.0088130396908834	4
18431	1991.779052734375	99499.29990704045	29.40054702758789	-1.0088130396908834	4
18432	1991.886962890625	99501.66894970009	29.39261817932129	-1.2101735482497844	4
18433	1991.9949951171875	99499.14778851037	29.3865909576416	-0.9962278786863932	4
18434	1992.10302734375	99499.14778851037	29.3865909576416	-0.9962278786863932	4
18435	1992.2110595703125	99497.94389951177	29.378026962280273	-0.8942212759042723	4
18436	1992.3189697265625	99503.30452733027	29.374855041503906	-1.3486066404285957	4
18437	1992.427001953125	99503.30452733027	29.374855041503906	-1.3486066404285957	4
18438	1992.5350341796875	99502.3348263302	29.36882972717285	-1.266474310046528	4
18441	1992.8590087890625	99501.37049133806	29.345674514770508	-1.1843413321861518	4
18442	1992.967041015625	99502.40867441396	29.33266830444336	-1.272435549363773	4
18443	1993.074951171875	99502.40867441396	29.33266830444336	-1.272435549363773	4
18444	1993.1829833984375	99499.68588582902	29.31998062133789	-1.0419318117964504	4
18445	1993.291015625	99501.83538708225	29.31078338623047	-1.2240831765174254	4
18446	1993.3990478515625	99501.36989305957	29.294923782348633	-1.1843413321861518	4
18447	1993.5069580078125	99501.36989305957	29.294923782348633	-1.1843413321861518	4
18448	1993.614990234375	99499.14760503154	29.28540802001953	-0.9962278786863932	4
18449	1993.7230224609375	99500.52892291201	29.276844024658203	-1.113468000234814	4
18450	1993.8310546875	99500.52892291201	29.276844024658203	-1.113468000234814	4
18451	1993.93896484375	99499.41868096993	29.26891326904297	-1.0194110582182558	4
18452	1994.0469970703125	99501.2685634354	29.265424728393555	-1.1757305792747963	4
18453	1994.155029296875	99501.2685634354	29.265424728393555	-1.1757305792747963	4
18454	1994.262939453125	99499.67427921535	29.25115203857422	-1.0406070629281228	4
18455	1994.3709716796875	99498.61122324281	29.24226951599121	-0.9505237450892778	4
18456	1994.47900390625	99498.61122324281	29.24226951599121	-0.9505237450892778	4
18457	1994.5870361328125	99501.38755863892	29.230533599853516	-1.1863284280063247	4
18458	1994.6949462890625	99498.69429377704	29.22450828552246	-0.957809924745503	4
18459	1994.802978515625	99498.69429377704	29.22450828552246	-0.957809924745503	4
18460	1994.9110107421875	99499.00881923985	29.22006607055664	-0.9843050805601061	4
18461	1995.01904296875	99503.28773179879	29.21340560913086	-1.3472819305591743	4
18462	1995.126953125	99503.28773179879	29.21340560913086	-1.3472819305591743	4
18463	1995.2349853515625	99500.110367115	29.201034545898438	-1.0776999674177468	4
18464	1995.343017578125	99503.71564797366	29.193422317504883	-1.3837113905759901	4
18465	1995.4510498046875	99503.71564797366	29.193422317504883	-1.3837113905759901	4
18466	1995.5589599609375	99501.74356619433	29.18549346923828	-1.216134819783945	4
18468	1995.7750244140625	99501.85589344683	29.17439079284668	-1.2260702647583055	4
18469	1995.883056640625	99502.95495251573	29.163925170898438	-1.3188006276352993	4
18470	1995.990966796875	99501.95474412659	29.153457641601562	-1.2340186139124931	4
18471	1996.0989990234375	99501.95474412659	29.153457641601562	-1.2340186139124931	4
18472	1996.20703125	99503.16294513566	29.144893646240234	-1.3366842455403694	4
18473	1996.31494140625	99502.50684775152	29.136329650878906	-1.2810462223578845	4
18474	1996.4229736328125	99502.50684775152	29.136329650878906	-1.2810462223578845	4
18475	1996.531005859375	99502.50872249118	29.127763748168945	-1.2810462223578845	4
18476	1996.6390380859375	99502.58992545023	29.114442825317383	-1.2883321708752105	4
18477	1996.7469482421875	99502.58992545023	29.114442825317383	-1.2883321708752105	4
18478	1996.85498046875	99501.30753926201	29.104291915893555	-1.1790424081550577	4
18479	1996.9630126953125	99503.2681601506	29.091604232788086	-1.3452948654400587	4
18481	1997.178955078125	99502.81679171526	29.077014923095703	-1.307540556173581	4
18484	1997.5030517578125	99503.52552232955	29.05671501159668	-1.3671525609023538	4
18485	1997.6109619140625	99502.35349098845	29.041807174682617	-1.2677990301922892	4
18486	1997.718994140625	99502.35349098845	29.041807174682617	-1.2677990301922892	4
18487	1997.8270263671875	99504.87683269044	29.03292465209961	-1.4817391231876864	4
18488	1997.93505859375	99503.70393690781	29.022457122802734	-1.3823866851753985	4
18489	1998.04296875	99503.70393690781	29.022457122802734	-1.3823866851753985	4
18490	1998.1510009765625	99503.37771126907	29.00628089904785	-1.3545678327542254	4
18491	1998.259033203125	99503.11363981398	28.99295997619629	-1.3327101108825246	4
18492	1998.366943359375	99503.11363981398	28.99295997619629	-1.3327101108825246	4
18493	1998.4749755859375	99504.44612221389	28.985029220581055	-1.445310005922238	4
18494	1998.5830078125	99506.27989033358	28.97614860534668	-1.600960798203379	4
18495	1998.6910400390625	99506.27989033358	28.97614860534668	-1.600960798203379	4
18496	1998.7989501953125	99502.22527099148	28.96472930908203	-1.2572012643211328	4
18497	1998.906982421875	99503.43243803049	28.956165313720703	-1.359204313310689	4
18498	1999.0150146484375	99503.43243803049	28.956165313720703	-1.359204313310689	4
18499	1999.123046875	99504.0139449834	28.941574096679688	-1.4088807612852983	4
18500	1999.23095703125	99500.99330574325	28.927936553955078	-1.1525477475734114	4
18501	1999.3389892578125	99500.99330574325	28.927936553955078	-1.1525477475734114	4
18502	1999.447021484375	99501.37083933511	28.91524887084961	-1.1843413321861518	4
18503	1999.5550537109375	99503.36039955246	28.90953826904297	-1.3532431236427334	4
18504	1999.6629638671875	99503.36039955246	28.90953826904297	-1.3532431236427334	4
18505	1999.77099609375	99505.92952742075	28.901926040649414	-1.5711555073524819	4
18506	1999.8790283203125	99504.00467628571	28.890825271606445	-1.4082184101992934	4
18507	1999.987060546875	99504.00467628571	28.890825271606445	-1.4082184101992934	4
18508	2000.094970703125	99502.40857372635	28.880990982055664	-1.272435549363773	4
18509	2000.2030029296875	99503.16112799417	28.872745513916016	-1.3366842455403694	4
18510	2000.31103515625	99503.28769532948	28.86069107055664	-1.3472819305591743	4
18511	2000.4189453125	99503.28769532948	28.86069107055664	-1.3472819305591743	4
18512	2000.5269775390625	99503.91559001397	28.845149993896484	-1.400270193938653	4
18513	2000.635009765625	99502.00602846604	28.83753776550293	-1.2386551481244434	4
18514	2000.7430419921875	99502.00602846604	28.83753776550293	-1.2386551481244434	4
18515	2000.8509521484375	99503.1499084201	28.828655242919922	-1.3353595341649327	4
18516	2000.958984375	99503.11938070443	28.819774627685547	-1.3327101108825246	4
18517	2001.0670166015625	99503.11938070443	28.819774627685547	-1.3327101108825246	4
18518	2001.175048828125	99503.27643025662	28.814382553100586	-1.345957220522418	4
18519	2001.282958984375	99501.41427124315	28.801694869995117	-1.1883155234426113	4
18520	2001.3909912109375	99501.41427124315	28.801694869995117	-1.1883155234426113	4
18521	2001.4990234375	99503.0749675774	28.788372039794922	-1.3293983308444068	4
18522	2001.6070556640625	99503.78036408393	28.776636123657227	-1.3890102105148494	4
18523	2001.7149658203125	99503.78036408393	28.776636123657227	-1.3890102105148494	4
18524	2001.822998046875	99502.5759619003	28.75950813293457	-1.2870074533379072	4
18525	2001.9310302734375	99503.10885480077	28.74999237060547	-1.3320477549634901	4
18526	2002.0389404296875	99503.10885480077	28.74999237060547	-1.3320477549634901	4
18527	2002.14697265625	99504.03312820631	28.739526748657227	-1.4102054633195027	4
18529	2002.363037109375	99500.1198637002	28.728107452392578	-1.0783623395092201	4
18530	2002.470947265625	99504.39428636977	28.717004776000977	-1.440673563675654	4
18531	2002.5789794921875	99501.24851556525	28.696388244628906	-1.174405847425426	4
18532	2002.68701171875	99501.24851556525	28.696388244628906	-1.174405847425426	4
18533	2002.7950439453125	99504.30162203936	28.68211555480957	-1.433387721701529	4
18535	2003.010986328125	99504.02028116609	28.66530418395996	-1.409543112322087	4
18536	2003.1190185546875	99502.47070151595	28.658960342407227	-1.2777344259012469	4
18537	2003.22705078125	99504.80326996768	28.6488094329834	-1.475778003623267	4
18538	2003.3349609375	99504.80326996768	28.6488094329834	-1.475778003623267	4
18539	2003.4429931640625	99502.07964335046	28.64468765258789	-1.244616403358203	4
18540	2003.551025390625	99501.32851412371	28.6291446685791	-1.181029504989084	4
18541	2003.6590576171875	99501.32851412371	28.6291446685791	-1.181029504989084	4
18542	2003.7669677734375	99502.72168722811	28.621849060058594	-1.2989299050708292	4
18543	2003.875	99503.00348137792	28.60852813720703	-1.322774767598649	4
18544	2003.9830322265625	99503.00348137792	28.60852813720703	-1.322774767598649	4
18545	2004.0909423828125	99500.70259278425	28.59742546081543	-1.1280401265578366	4
18546	2004.198974609375	99502.25208667821	28.584421157836914	-1.2591883462426545	4
18547	2004.3070068359375	99502.25208667821	28.584421157836914	-1.2591883462426545	4
18548	2004.4150390625	99504.74066849494	28.57966423034668	-1.4704792278116408	4
18549	2004.52294921875	99503.59794158571	28.569196701049805	-1.3737760959373935	4
18550	2004.6309814453125	99503.59794158571	28.569196701049805	-1.3737760959373935	4
18551	2004.739013671875	99503.89512925218	28.559364318847656	-1.398945490634671	4
18552	2004.8470458984375	99505.97636558248	28.545406341552734	-1.5751295510588137	4
18553	2004.9549560546875	99505.97636558248	28.545406341552734	-1.5751295510588137	4
18554	2005.06298828125	99505.41254764087	28.533353805541992	-1.5274409265263245	4
18556	2005.279052734375	99505.77198790105	28.519397735595703	-1.5579086840425194	4
18557	2005.386962890625	99504.78554367168	28.507978439331055	-1.4744533099164414	4
18558	2005.4949951171875	99505.80222143691	28.495925903320312	-1.5605580500569727	4
18560	2005.7110595703125	99506.83475705779	28.489582061767578	-1.6479867503862833	4
18561	2005.8189697265625	99508.18010180016	28.480701446533203	-1.761907895466397	4
18562	2005.927001953125	99508.18010180016	28.480701446533203	-1.761907895466397	4
18563	2006.0350341796875	99505.25331204393	28.47435760498047	-1.5135317032488405	4
18564	2006.1429443359375	99505.53417780668	28.461034774780273	-1.5373760746384901	4
18565	2006.2509765625	99505.53417780668	28.461034774780273	-1.5373760746384901	4
18566	2006.3590087890625	99507.75578175526	28.45342254638672	-1.7261420887171397	4
18567	2006.467041015625	99509.16336388787	28.442955017089844	-1.8453609670820836	4
18568	2006.574951171875	99509.16336388787	28.442955017089844	-1.8453609670820836	4
18569	2006.6829833984375	99505.37549787849	28.429950714111328	-1.5241292083824831	4
18570	2006.791015625	99506.61083872594	28.419483184814453	-1.6287789927419416	4
18571	2006.8990478515625	99506.61083872594	28.419483184814453	-1.6287789927419416	4
18572	2007.0069580078125	99506.86115439497	28.41884994506836	-1.649973757774812	4
18573	2007.114990234375	99504.3250824523	28.405210494995117	-1.4353747700182384	4
18574	2007.2230224609375	99506.10795344495	28.394742965698242	-1.5863893333262191	4
18575	2007.3310546875	99506.10795344495	28.394742965698242	-1.5863893333262191	4
18576	2007.43896484375	99507.60911653125	28.384910583496094	-1.7135577941833025	4
18577	2007.5469970703125	99506.74767859552	28.376346588134766	-1.6407010533833577	4
18578	2007.655029296875	99506.74767859552	28.376346588134766	-1.6407010533833577	4
18579	2007.762939453125	99504.18000356467	28.360170364379883	-1.4227901242678498	4
18580	2007.8709716796875	99505.49356102802	28.3535099029541	-1.534064359654328	4
18581	2007.97900390625	99505.49356102802	28.3535099029541	-1.534064359654328	4
18582	2008.0870361328125	99504.25655887875	28.344627380371094	-1.4294136239262945	4
18583	2008.1949462890625	99504.24005934087	28.33701515197754	-1.4280889243332129	4
18584	2008.302978515625	99504.24005934087	28.33701515197754	-1.4280889243332129	4
18585	2008.4110107421875	99504.09877890573	28.3328914642334	-1.4161666203964995	4
18586	2008.51904296875	99505.39589544827	28.32052230834961	-1.5261162393947814	4
18587	2008.626953125	99505.39589544827	28.32052230834961	-1.5261162393947814	4
18588	2008.7349853515625	99506.14474108654	28.3037109375	-1.5897010316851534	4
18590	2008.9510498046875	99506.5981102894	28.30117416381836	-1.628116655643177	4
18591	2009.0589599609375	99505.12541303078	28.28563117980957	-1.502934187336853	4
18592	2009.1669921875	99505.40576896988	28.276750564575195	-1.5267785829802394	4
18593	2009.2750244140625	99505.40576896988	28.276750564575195	-1.5267785829802394	4
18594	2009.383056640625	99505.5146153033	28.271991729736328	-1.5360513887668814	4
18595	2009.490966796875	99502.6496702003	28.257402420043945	-1.2929686809121699	4
18598	2009.81494140625	99502.74140551727	28.24281120300293	-1.300916979029172	4
18599	2009.9229736328125	99502.74140551727	28.24281120300293	-1.300916979029172	4
18600	2010.031005859375	99503.61630119334	28.235515594482422	-1.3751008024404276	4
18601	2010.1390380859375	99504.4285194019	28.22758674621582	-1.44398530834702	4
18602	2010.2469482421875	99504.4285194019	28.22758674621582	-1.44398530834702	4
18603	2010.35498046875	99504.59920788858	28.219022750854492	-1.4585569723922442	4
18604	2010.4630126953125	99503.56573196084	28.212678909301758	-1.3704643289514085	4
18606	2010.678955078125	99504.06503068157	28.205066680908203	-1.4128548668859064	4
18607	2010.7869873046875	99503.50058337663	28.19713592529297	-1.3651654995827278	4
18608	2010.89501953125	99503.50058337663	28.19713592529297	-1.3651654995827278	4
18609	2011.0030517578125	99503.68701378333	28.18984031677246	-1.3810619795976287	4
18610	2011.1109619140625	99501.85472010465	28.177154541015625	-1.2254079020572806	4
18611	2011.218994140625	99501.85472010465	28.177154541015625	-1.2254079020572806	4
18612	2011.3270263671875	99502.11959059164	28.171443939208984	-1.2479282103471045	4
18613	2011.43505859375	99499.50588396964	28.16256332397461	-1.0266971897016774	4
18614	2011.54296875	99499.50588396964	28.16256332397461	-1.0266971897016774	4
18615	2011.6510009765625	99502.74323063789	28.160343170166016	-1.300916979029172	4
18616	2011.759033203125	99503.0702798903	28.15273094177246	-1.3287359747088212	4
18617	2011.866943359375	99503.0702798903	28.15273094177246	-1.3287359747088212	4
18618	2011.9749755859375	99502.74041208338	28.145118713378906	-1.300916979029172	4
18619	2012.0830078125	99502.20757414124	28.139726638793945	-1.2558765428366914	4
18620	2012.1910400390625	99502.20757414124	28.139726638793945	-1.2558765428366914	4
18621	2012.2989501953125	99502.8160104622	28.13179588317871	-1.3068781986402556	4
18622	2012.406982421875	99503.83242283273	28.13052749633789	-1.3936466757552357	4
18623	2012.5150146484375	99503.83242283273	28.13052749633789	-1.3936466757552357	4
18624	2012.623046875	99503.40852931856	28.12259864807129	-1.3572172504752045	4
18626	2012.8389892578125	99504.48668671884	28.117523193359375	-1.4486217491171183	4
18627	2012.947021484375	99502.92110071296	28.10991096496582	-1.3161512001498288	4
18628	2013.0550537109375	99504.50034857538	28.108007431030273	-1.449946446101742	4
18629	2013.1629638671875	99504.50034857538	28.108007431030273	-1.449946446101742	4
18630	2013.27099609375	99502.32467742021	28.099760055541992	-1.2658119499047449	4
18631	2013.3790283203125	99502.62064419225	28.094051361083984	-1.29031924686126	4
18632	2013.487060546875	99502.62064419225	28.094051361083984	-1.29031924686126	4
18633	2013.594970703125	99503.21345109884	28.087072372436523	-1.3406583786921988	4
18634	2013.7030029296875	99502.3359932658	28.07946014404297	-1.266474310046528	4
18635	2013.81103515625	99503.53928165081	28.07501983642578	-1.3684772682519064	4
18637	2014.0269775390625	99501.12989622874	28.07089614868164	-1.1644703531758194	4
18638	2014.135009765625	99503.99129748851	28.068359375	-1.4068937079091648	4
18639	2014.2430419921875	99503.99129748851	28.068359375	-1.4068937079091648	4
18641	2014.458984375	99501.51735403501	28.055036544799805	-1.1969262659595081	4
18642	2014.5670166015625	99501.51735403501	28.055036544799805	-1.1969262659595081	4
18643	2014.675048828125	99501.68742211565	28.046472549438477	-1.211498275551579	4
18644	2014.782958984375	99502.53013344086	28.038860321044922	-1.2830332997318306	4
18646	2014.9990234375	99501.606876605	28.03632354736328	-1.2048746373594121	4
18647	2015.1070556640625	99505.84321033096	28.02934455871582	-1.5638697566153237	4
18649	2015.322998046875	99502.22925557842	28.023000717163086	-1.2572012643211328	4
18651	2015.5389404296875	99504.37151860262	28.022367477416992	-1.4393488655098419	4
18652	2015.64697265625	99503.08725418618	28.014436721801758	-1.3300606869406195	4
18654	2015.863037109375	99505.71204813257	28.00492286682129	-1.5526099500055923	4
18655	2015.970947265625	99506.28909238009	27.9988956451416	-1.6016231370345535	4
18656	2016.0789794921875	99503.86390525285	27.99350357055664	-1.396296083534545	4
18657	2016.18701171875	99503.86390525285	27.99350357055664	-1.396296083534545	4
18658	2016.2950439453125	99507.01992261922	27.983036041259766	-1.663882798903189	4
18659	2016.4029541015625	99504.17044652536	27.969715118408203	-1.4221277740677363	4
18660	2016.510986328125	99504.17044652536	27.969715118408203	-1.4221277740677363	4
18661	2016.6190185546875	99504.4506567375	27.964956283569336	-1.4459723546458658	4
18662	2016.72705078125	99503.1674694724	27.961151123046875	-1.3366842455403694	4
18663	2016.8349609375	99503.1674694724	27.961151123046875	-1.3366842455403694	4
18664	2016.9429931640625	99502.07109219382	27.95448875427246	-1.2439540418383666	4
18666	2017.1590576171875	99504.96198823026	27.94782829284668	-1.4890249313502912	4
18667	2017.2669677734375	99503.16222638065	27.941802978515625	-1.3366842455403694	4
18669	2017.4830322265625	99501.92337244218	27.928796768188477	-1.2313691648703329	4
18670	2017.5909423828125	99504.0333606996	27.92594337463379	-1.4102054633195027	4
18671	2017.698974609375	99506.47133537158	27.92181968688965	-1.6168569184676418	4
18672	2017.8070068359375	99506.47133537158	27.92181968688965	-1.6168569184676418	4
18673	2017.9150390625	99504.57696829834	27.91325569152832	-1.4565699284951483	4
18674	2018.02294921875	99505.91965998553	27.90659523010254	-1.5704931665821897	4
18676	2018.239013671875	99503.97861737167	27.898664474487305	-1.4055690054517012	4
18677	2018.3470458984375	99503.69603771693	27.894859313964844	-1.3817243324062	4
18678	2018.4549560546875	99503.69603771693	27.894859313964844	-1.3817243324062	4
18679	2018.56298828125	99503.81879435046	27.88692855834961	-1.3923219716145785	4
18680	2018.6710205078125	99506.03725503219	27.88153648376465	-1.5804282736480557	4
18681	2018.779052734375	99506.03725503219	27.88153648376465	-1.5804282736480557	4
18682	2018.886962890625	99505.30136339007	27.878047943115234	-1.5181681130718006	4
18683	2018.9949951171875	99503.125035673	27.86758041381836	-1.333372466762186	4
18684	2019.10302734375	99503.125035673	27.86758041381836	-1.333372466762186	4
18685	2019.2110595703125	99503.28035915171	27.864408493041992	-1.3466195755654042	4
18686	2019.3189697265625	99506.52985787792	27.856796264648438	-1.6221556198348641	4
18687	2019.427001953125	99506.52985787792	27.856796264648438	-1.6221556198348641	4
18688	2019.5350341796875	99504.27618669097	27.849184036254883	-1.430738323352041	4
18689	2019.6429443359375	99504.1188633451	27.846012115478516	-1.417491321515283	4
18690	2019.7509765625	99504.1188633451	27.846012115478516	-1.417491321515283	4
18691	2019.8590087890625	99505.71255874328	27.843156814575195	-1.5526099500055923	4
18692	2019.967041015625	99505.81979566932	27.836179733276367	-1.5618827328082752	4
18693	2020.074951171875	99505.9263097566	27.827299118041992	-1.5711555073524819	4
18694	2020.1829833984375	99505.9263097566	27.827299118041992	-1.5711555073524819	4
18695	2020.291015625	99508.9123774402	27.82761573791504	-1.824166599519137	4
18697	2020.5069580078125	99506.50274547786	27.821271896362305	-1.6195062694810014	4
18698	2020.614990234375	99506.70174514451	27.808584213256836	-1.636727034688692	4
18699	2020.7230224609375	99506.0284902532	27.80541229248047	-1.5797659334683578	4
18700	2020.8310546875	99506.0284902532	27.80541229248047	-1.5797659334683578	4
18701	2020.93896484375	99505.93232265915	27.79843521118164	-1.5711555073524819	4
18702	2021.0469970703125	99505.44486305701	27.789871215820312	-1.5300903002775623	4
18704	2021.262939453125	99504.63025304598	27.7847957611084	-1.4612063636644446	4
18705	2021.3709716796875	99506.12972339497	27.781307220458984	-1.5883763524675731	4
18706	2021.47900390625	99506.12972339497	27.781307220458984	-1.5883763524675731	4
18707	2021.5870361328125	99508.14427298929	27.775596618652344	-1.7585962518457054	4
18708	2021.6949462890625	99505.10957527543	27.76957130432129	-1.5016094970948468	4
18709	2021.802978515625	99505.10957527543	27.76957130432129	-1.5016094970948468	4
18710	2021.9110107421875	99504.32553006474	27.762592315673828	-1.4353747700182384	4
18711	2022.01904296875	99505.24565178258	27.756567001342773	-1.5128693588267073	4
18712	2022.126953125	99505.24565178258	27.756567001342773	-1.5128693588267073	4
18713	2022.2349853515625	99503.82042392135	27.74863624572754	-1.3923219716145785	4
18714	2022.343017578125	99503.72412496294	27.74165916442871	-1.3843737432172265	4
18715	2022.4510498046875	99503.72412496294	27.74165916442871	-1.3843737432172265	4
18716	2022.5589599609375	99504.50666048913	27.7445125579834	-1.4506087945300727	4
18717	2022.6669921875	99504.81610970534	27.735631942749023	-1.4764403504077772	4
18718	2022.7750244140625	99504.81610970534	27.735631942749023	-1.4764403504077772	4
18719	2022.883056640625	99505.78429989495	27.733095169067383	-1.5585710256101137	4
18720	2022.990966796875	99505.529683192	27.72072410583496	-1.5373760746384901	4
18721	2023.0989990234375	99505.529683192	27.72072410583496	-1.5373760746384901	4
18723	2023.31494140625	99503.6014858913	27.70549964904785	-1.3737760959373935	4
18724	2023.4229736328125	99503.6014858913	27.70549964904785	-1.3737760959373935	4
18725	2023.531005859375	99504.08352757114	27.69883918762207	-1.4148419191202244	4
18726	2023.6390380859375	99504.4546438333	27.688371658325195	-1.4459723546458658	4
18727	2023.7469482421875	99504.4546438333	27.688371658325195	-1.4459723546458658	4
18728	2023.85498046875	99503.42226303446	27.6861515045166	-1.3585419590748482	4
18729	2023.9630126953125	99502.54409658963	27.678539276123047	-1.284358017771139	4
18730	2024.071044921875	99502.54409658963	27.678539276123047	-1.284358017771139	4
18732	2024.2869873046875	99502.32145351075	27.6687068939209	-1.265149589733432	4
18733	2024.39501953125	99502.32145351075	27.6687068939209	-1.265149589733432	4
18734	2024.5030517578125	99503.17602759581	27.655702590942383	-1.3380089567583142	4
18735	2024.6109619140625	99500.40757416417	27.650310516357422	-1.1028700773837086	4
18736	2024.718994140625	99500.40757416417	27.650310516357422	-1.1028700773837086	4
18738	2024.93505859375	99502.13772647112	27.638574600219727	-1.249915294040409	4
18739	2025.04296875	99502.13772647112	27.638574600219727	-1.249915294040409	4
18740	2025.1510009765625	99501.15196539434	27.635719299316406	-1.1657950862949673	4
18741	2025.259033203125	99501.27386676939	27.627790451049805	-1.1763929451355004	4
18742	2025.366943359375	99501.27386676939	27.627790451049805	-1.1763929451355004	4
18743	2025.4749755859375	99503.03867124327	27.624935150146484	-1.3260865497530627	4
18744	2025.5830078125	99502.08250030145	27.617956161499023	-1.2452787648386665	4
18747	2025.906982421875	99500.68675522122	27.60590362548828	-1.126715388645032	4
18748	2026.0150146484375	99500.68675522122	27.60590362548828	-1.126715388645032	4
18749	2026.123046875	99501.82741643279	27.605587005615234	-1.2234208136884384	4
18750	2026.23095703125	99502.21600911819	27.60051155090332	-1.2565389035985985	4
18751	2026.3389892578125	99503.0414999307	27.59385108947754	-1.3260865497530627	4
18752	2026.447021484375	99503.0414999307	27.59385108947754	-1.3260865497530627	4
18753	2026.5550537109375	99501.44603954021	27.590362548828125	-1.1909649834402947	4
18754	2026.6629638671875	99503.13099071568	27.58370018005371	-1.3340348226024745	4
18755	2026.77099609375	99503.13099071568	27.58370018005371	-1.3340348226024745	4
18756	2026.8790283203125	99500.47010139766	27.573551177978516	-1.1081690401577848	4
18757	2026.987060546875	99501.95265908973	27.56879425048828	-1.2340186139124931	4
18758	2027.094970703125	99501.95265908973	27.56879425048828	-1.2340186139124931	4
18759	2027.2030029296875	99505.32694688362	27.566255569458008	-1.5201551452259143	4
18761	2027.4189453125	99504.79326551611	27.560863494873047	-1.4751156567895407	4
18762	2027.5269775390625	99503.01073508103	27.558326721191406	-1.3234371241181209	4
18763	2027.635009765625	99503.71163315841	27.552934646606445	-1.3830490378953808	4
18764	2027.7430419921875	99503.71163315841	27.552934646606445	-1.3830490378953808	4
18765	2027.8509521484375	99504.14660405653	27.547224044799805	-1.4201407232213148	4
18766	2027.958984375	99502.69173674296	27.543418884277344	-1.2969428307286002	4
18767	2028.0670166015625	99502.69173674296	27.543418884277344	-1.2969428307286002	4
18768	2028.175048828125	99502.39260857881	27.53834342956543	-1.271110829808606	4
18769	2028.282958984375	99502.42205066464	27.53421974182129	-1.2737602687516048	4
18770	2028.3909912109375	99502.42205066464	27.53421974182129	-1.2737602687516048	4
18771	2028.4990234375	99503.09057805827	27.526607513427734	-1.330723042987616	4
18772	2028.6070556640625	99502.63472574118	27.52058219909668	-1.2916439639654609	4
18773	2028.7149658203125	99502.63472574118	27.52058219909668	-1.2916439639654609	4
18775	2028.9310302734375	99503.55390662196	27.514554977416992	-1.3698019754242807	4
18776	2029.0389404296875	99503.55390662196	27.514554977416992	-1.3698019754242807	4
18777	2029.14697265625	99502.95846257321	27.51074981689453	-1.319462984400852	4
18779	2029.363037109375	99500.83033345964	27.504087448120117	-1.1386380237968385	4
18780	2029.470947265625	99500.54925659981	27.504405975341797	-1.1147927398406554	4
18781	2029.5789794921875	99503.40652530489	27.49964714050293	-1.3572172504752045	4
18784	2029.9029541015625	99502.04177349411	27.487911224365234	-1.241304595316075	4
18785	2030.010986328125	99502.04177349411	27.487911224365234	-1.241304595316075	4
18787	2030.22705078125	99500.66382874992	27.4815673828125	-1.12472828145592	4
18788	2030.3349609375	99500.66382874992	27.4815673828125	-1.12472828145592	4
18790	2030.551025390625	99499.92387163576	27.469514846801758	-1.0618030245246102	4
18791	2030.6590576171875	99499.92387163576	27.469514846801758	-1.0618030245246102	4
18793	2030.875	99501.62536852506	27.466026306152344	-1.206199365330547	4
18794	2030.9830322265625	99501.62536852506	27.466026306152344	-1.206199365330547	4
18795	2031.0909423828125	99501.60717354053	27.460634231567383	-1.2048746373594121	4
18796	2031.198974609375	99501.96606728074	27.45968246459961	-1.2353433381825707	4
18797	2031.3070068359375	99501.96606728074	27.45968246459961	-1.2353433381825707	4
18798	2031.4150390625	99500.69830759002	27.454925537109375	-1.1273777576161992	4
18799	2031.52294921875	99503.79185507074	27.454925537109375	-1.3896725628214157	4
18800	2031.6309814453125	99503.79185507074	27.454925537109375	-1.3896725628214157	4
18803	2031.9549560546875	99501.16024324889	27.440650939941406	-1.167119819236937	4
18804	2032.06298828125	99500.81343313358	27.434307098388672	-1.1373132872325575	4
18805	2032.1710205078125	99502.5461245293	27.431135177612305	-1.284358017771139	4
18806	2032.279052734375	99502.5461245293	27.431135177612305	-1.284358017771139	4
18811	2032.8189697265625	99499.74264702723	27.41686248779297	-1.0465684314870738	4
18812	2032.927001953125	99500.86358365012	27.408933639526367	-1.1419498644791415	4
18814	2033.1429443359375	99500.17617899564	27.408933639526367	-1.0836613147448348	4
18815	2033.2509765625	99502.14330563984	27.406078338623047	-1.249915294040409	4
18816	2033.3590087890625	99502.14330563984	27.406078338623047	-1.249915294040409	4
18818	2033.574951171875	99503.42194375963	27.401321411132812	-1.3585419590748482	4
18819	2033.6829833984375	99503.42194375963	27.401321411132812	-1.3585419590748482	4
18823	2034.114990234375	99501.60514854561	27.392122268676758	-1.2042122733000205	4
18824	2034.2230224609375	99501.51004718615	27.389266967773438	-1.1962639014079546	4
18825	2034.3310546875	99501.51004718615	27.389266967773438	-1.1962639014079546	4
18827	2034.5469970703125	99498.55626010623	27.387046813964844	-0.945887082659318	4
18828	2034.655029296875	99498.55626010623	27.387046813964844	-0.945887082659318	4
18829	2034.762939453125	99499.3992796721	27.385778427124023	-1.0174239305650534	4
18830	2034.8709716796875	99500.00884046711	27.38641357421875	-1.069089126360201	4
18831	2034.97900390625	99500.00884046711	27.38641357421875	-1.069089126360201	4
18832	2035.0870361328125	99502.22769517245	27.387365341186523	-1.2572012643211328	4
18833	2035.1949462890625	99503.19608160896	27.387046813964844	-1.339333667808924	4
18834	2035.302978515625	99503.19608160896	27.387046813964844	-1.339333667808924	4
18835	2035.4110107421875	99499.38414405103	27.386730194091797	-1.0160991785862628	4
18836	2035.51904296875	99498.74324196635	27.38609504699707	-0.961784202415743	4
18837	2035.626953125	99498.74324196635	27.38609504699707	-0.961784202415743	4
18838	2035.7349853515625	99501.78997650892	27.386730194091797	-1.2201089989036928	4
18839	2035.843017578125	99501.1642036463	27.38514518737793	-1.167119819236937	4
18840	2035.9510498046875	99501.1642036463	27.38514518737793	-1.167119819236937	4
18842	2036.1669921875	99499.61760143544	27.38514518737793	-1.0359704405798253	4
18843	2036.2750244140625	99499.61760143544	27.38514518737793	-1.0359704405798253	4
18845	2036.490966796875	99500.22608688017	27.38355827331543	-1.0876355443997632	4
18855	2037.571044921875	99501.95749086184	27.37816619873047	-1.23468097607214	4
18859	2038.0030517578125	99500.33308941756	27.378801345825195	-1.0969087410515166	4
18860	2038.1109619140625	99502.5810862896	27.375629425048828	-1.2870074533379072	4
18861	2038.218994140625	99502.5810862896	27.375629425048828	-1.2870074533379072	4
18863	2038.43505859375	99502.1736248282	27.373090744018555	-1.2525647383676586	4
18866	2038.759033203125	99503.35809837154	27.367698669433594	-1.3532431236427334	4
18867	2038.866943359375	99504.56208297264	27.369918823242188	-1.4552452323471998	4
18869	2039.0830078125	99506.38741975199	27.365161895751953	-1.6102335379714283	4
18870	2039.1910400390625	99503.32233678483	27.35881805419922	-1.349931350130682	4
18871	2039.2989501953125	99503.32233678483	27.35881805419922	-1.349931350130682	4
18873	2039.5150146484375	99503.33745441731	27.357866287231445	-1.3512560596654333	4
18874	2039.623046875	99503.33745441731	27.357866287231445	-1.3512560596654333	4
18875	2039.73095703125	99504.12948907817	27.34898567199707	-1.418816022456888	4
18876	2039.8389892578125	99506.2402158266	27.352474212646484	-1.5976491034372264	4
18878	2040.0550537109375	99504.31643599442	27.348033905029297	-1.4347124206154271	4
18879	2040.1629638671875	99502.70611781575	27.345497131347656	-1.2976051888820495	4
18880	2040.27099609375	99502.70611781575	27.345497131347656	-1.2976051888820495	4
18881	2040.3790283203125	99503.9856324624	27.342641830444336	-1.406231356705041	4
18882	2040.487060546875	99502.41002409578	27.346765518188477	-1.272435549363773	4
18883	2040.594970703125	99502.41002409578	27.346765518188477	-1.272435549363773	4
18884	2040.7030029296875	99504.51511292209	27.33946990966797	-1.4512711429190306	4
18885	2040.81103515625	99501.82623809911	27.335664749145508	-1.2234208136884384	4
18886	2040.9189453125	99501.82623809911	27.335664749145508	-1.2234208136884384	4
18887	2041.0269775390625	99505.09103483398	27.335664749145508	-1.5002848066756624	4
18888	2041.135009765625	99502.2918956107	27.329954147338867	-1.2625001486052345	4
18889	2041.2430419921875	99502.2918956107	27.329954147338867	-1.2625001486052345	4
18890	2041.3509521484375	99502.6030780745	27.327733993530273	-1.288994529579881	4
18891	2041.458984375	99503.96260816621	27.328685760498047	-1.4042443028269025	4
18892	2041.5670166015625	99503.96260816621	27.328685760498047	-1.4042443028269025	4
18894	2041.782958984375	99504.08342559004	27.320756912231445	-1.4148419191202244	4
18895	2041.8909912109375	99504.08342559004	27.320756912231445	-1.4148419191202244	4
18897	2042.1070556640625	99501.51770077391	27.313461303710938	-1.1969262659595081	4
18898	2042.2149658203125	99501.51770077391	27.313461303710938	-1.1969262659595081	4
18899	2042.322998046875	99501.51655740064	27.311241149902344	-1.1969262659595081	4
18900	2042.4310302734375	99503.51576323553	27.310922622680664	-1.366490207168518	4
18901	2042.5389404296875	99503.51576323553	27.310922622680664	-1.366490207168518	4
18904	2042.863037109375	99504.32381574759	27.302993774414062	-1.4347124206154271	4
18905	2042.970947265625	99506.8535499453	27.301725387573242	-1.6493114220245708	4
18906	2043.0789794921875	99503.93140950734	27.29950523376465	-1.4015948970654568	4
18907	2043.18701171875	99503.93140950734	27.29950523376465	-1.4015948970654568	4
18908	2043.2950439453125	99505.61593813647	27.29506492614746	-1.544661843900621	4
18909	2043.4029541015625	99505.27229720828	27.29506492614746	-1.5155187362888456	4
18910	2043.510986328125	99505.27229720828	27.29506492614746	-1.5155187362888456	4
18911	2043.6190185546875	99507.70676882663	27.29094123840332	-1.7215057714501403	4
18913	2043.8349609375	99504.62910658598	27.289989471435547	-1.4612063636644446	4
18914	2043.9429931640625	99505.92352185048	27.286182403564453	-1.5704931665821897	4
18916	2044.1590576171875	99504.3771592567	27.286182403564453	-1.4393488655098419	4
18918	2044.375	99507.54289548572	27.27698516845703	-1.707596807246663	4
18919	2044.4830322265625	99507.54289548572	27.27698516845703	-1.707596807246663	4
18920	2044.5909423828125	99501.46665940339	27.276668548583984	-1.19295207799069	4
18921	2044.698974609375	99506.30645264185	27.272544860839844	-1.6029478145689402	4
18922	2044.8070068359375	99506.30645264185	27.272544860839844	-1.6029478145689402	4
18925	2045.1309814453125	99503.45862504818	27.26334571838379	-1.3618537298504796	4
18926	2045.239013671875	99503.45862504818	27.26334571838379	-1.3618537298504796	4
18927	2045.3470458984375	99505.64214912245	27.25763702392578	-1.5466488709953108	4
18928	2045.4549560546875	99502.7189789351	27.25351333618164	-1.2989299050708292	4
18929	2045.56298828125	99502.7189789351	27.25351333618164	-1.2989299050708292	4
18930	2045.6710205078125	99504.53351930919	27.258272171020508	-1.452595839559141	4
18932	2045.886962890625	107695.95419259078	27.255733489990234	-1.4035819514554437	4
18933	2045.9949951171875	99505.06040198471	27.2509765625	-1.4976354253451318	4
18935	2046.2110595703125	99502.88958689322	27.251293182373047	-1.3135017719950182	4
18936	2046.3189697265625	99504.02834410203	27.248756408691406	-1.4102054633195027	4
18937	2046.427001953125	99503.16809879924	27.246536254882812	-1.3373466011739499	4
18938	2046.5350341796875	99503.16809879924	27.246536254882812	-1.3373466011739499	4
18939	2046.6429443359375	99508.25962059105	27.246217727661133	-1.7685311795382574	4
18940	2046.7509765625	99501.69598377275	27.23955726623535	-1.2121606391384954	4
18942	2046.967041015625	99503.47673206194	27.2398738861084	-1.3631784378693723	4
18944	2047.1829833984375	99502.99145016166	27.237972259521484	-1.3221124110496474	4
18945	2047.291015625	99504.44365004147	27.237337112426758	-1.445310005922238	4
18946	2047.3990478515625	99504.3947962072	27.233848571777344	-1.441335912694579	4
18948	2047.614990234375	99503.31634176694	27.232580184936523	-1.3492689952944037	4
18949	2047.7230224609375	99501.17451124656	27.22877311706543	-1.1677821856488624	4
18950	2047.8310546875	99501.17451124656	27.22877311706543	-1.1677821856488624	4
18951	2047.93896484375	99505.54732756244	27.228137969970703	-1.5387007603329206	4
18952	2048.047119140625	99503.95347105055	27.226869583129883	-1.4035819514554437	4
18955	2048.37109375	99501.57592705655	27.22052574157715	-1.202225180895451	4
18956	2048.47900390625	99501.57592705655	27.22052574157715	-1.202225180895451	4
18961	2049.01904296875	99505.1197950265	27.217988967895508	-1.5022718422355363	4
18962	2049.126953125	99505.1197950265	27.217988967895508	-1.5022718422355363	4
18963	2049.235107421875	99504.54046052822	27.215452194213867	-1.4532581878201367	4
18964	2049.343017578125	99502.67955245308	27.211328506469727	-1.2956181142937395	4
18965	2049.450927734375	99502.67955245308	27.211328506469727	-1.2956181142937395	4
18968	2049.77490234375	99502.11651952127	27.210060119628906	-1.2479282103471045	4
18969	2049.883056640625	99502.3974174103	27.209741592407227	-1.271773189605876	4
18970	2049.990966796875	99500.05372305922	27.207839965820312	-1.0730633615765583	4
18971	2050.09912109375	99500.05372305922	27.207839965820312	-1.0730633615765583	4
18972	2050.20703125	99504.86527664354	27.210060119628906	-1.4810767767378463	4
18973	2050.31494140625	99503.04953029072	27.203081130981445	-1.3267489060559834	4
18974	2050.423095703125	99503.04953029072	27.203081130981445	-1.3267489060559834	4
18975	2050.531005859375	99503.84456006391	27.200544357299805	-1.3943090277566617	4
18976	2050.638916015625	99502.625699412	27.199275970458984	-1.2909816054379686	4
18978	2050.85498046875	99504.65462784369	27.19705581665039	-1.4631934066756491	4
18980	2051.071044921875	99502.03381115603	27.202129364013672	-1.2406422335796874	4
18981	2051.178955078125	99502.03381115603	27.202129364013672	-1.2406422335796874	4
18982	2051.287109375	99503.85835716994	27.197372436523438	-1.395633731651238	4
18983	2051.39501953125	99503.68656328373	27.197372436523438	-1.3810619795976287	4
18984	2051.5029296875	99503.68656328373	27.197372436523438	-1.3810619795976287	4
18985	2051.611083984375	99502.73354746096	27.19673728942871	-1.3002546210922739	4
18986	2051.718994140625	99502.32726267862	27.196420669555664	-1.2658119499047449	4
18987	2051.826904296875	99502.32726267862	27.196420669555664	-1.2658119499047449	4
18988	2051.93505859375	99500.23190508434	27.191980361938477	-1.0882979158711126	4
18989	2052.04296875	99503.4169574979	27.190393447875977	-1.3578796047897912	4
18991	2052.259033203125	99503.83954397716	27.191980361938477	-1.3936466757552357	4
18992	2052.366943359375	99504.65337080642	27.194835662841797	-1.4631934066756491	4
18993	2052.47509765625	99504.65337080642	27.194835662841797	-1.4631934066756491	4
18994	2052.5830078125	99504.68220067241	27.190711975097656	-1.4651804493128107	4
18995	2052.69091796875	99505.6828679108	27.19261360168457	-1.5499605819732754	4
18998	2053.014892578125	99502.02757395334	27.19134521484375	-1.2406422335796874	4
19001	2053.339111328125	99502.88527884203	27.189125061035156	-1.312839414845579	4
19004	2053.6630859375	99500.58804107145	27.186588287353516	-1.1181045880924079	4
19005	2053.77099609375	99500.58804107145	27.186588287353516	-1.1181045880924079	4
19006	2053.87890625	99500.04256910902	27.188491821289062	-1.071738616665212	4
19008	2054.094970703125	99502.35485693648	27.19007682800293	-1.2677990301922892	4
19010	2054.31103515625	99501.80687903045	27.187856674194336	-1.2214337249455531	4
19012	2054.527099609375	99502.02255005119	27.182781219482422	-1.2399798718039268	4
19013	2054.635009765625	99502.47774070266	27.186588287353516	-1.2783967852752576	4
19015	2054.85107421875	99504.18060704492	27.18754005432129	-1.4227901242678498	4
19016	2054.958984375	99500.86892561757	27.18627166748047	-1.1419498644791415	4
19018	2055.175048828125	99502.20938404211	27.18182945251465	-1.2558765428366914	4
19019	2055.282958984375	99503.68027729045	27.186588287353516	-1.3803996267496843	4
19023	2055.715087890625	99504.97559695093	27.185001373291016	-1.490349623196745	4
19024	2055.822998046875	99503.27399671078	27.18627166748047	-1.345957220522418	4
19026	2056.0390625	99504.33735494777	27.188491821289062	-1.4360371193718335	4
19027	2056.14697265625	99503.50848632748	27.186588287353516	-1.3658278533953094	4
19037	2057.22705078125	99502.86645578903	27.183732986450195	-1.311514700428582	4
19038	2057.3349609375	99501.91345819792	27.1830997467041	-1.230706802503978	4
19042	2057.76708984375	99503.5222669028	27.18341636657715	-1.3671525609023538	4
19044	2057.98291015625	99504.83388818729	27.1830997467041	-1.4784273905152268	4
19045	2058.091064453125	99504.83388818729	27.1830997467041	-1.4784273905152268	4
19046	2058.198974609375	99503.68027729045	27.186588287353516	-1.3803996267496843	4
19047	2058.306884765625	99504.58435752228	27.183732986450195	-1.45723227650022	4
19051	2058.739013671875	99501.42817906548	27.181196212768555	-1.189640253530042	4
19052	2058.846923828125	99501.77049660547	27.17897605895996	-1.2187842727043408	4
19053	2058.955078125	99502.53791959217	27.182781219482422	-1.2836956587711712	4
19056	2059.279052734375	99505.69156575335	27.180879592895508	-1.5512852660731014	4
19057	2059.386962890625	99505.69156575335	27.180879592895508	-1.5512852660731014	4
19058	2059.4951171875	99501.59870779098	27.17897605895996	-1.2042122733000205	4
19059	2059.60302734375	99503.50342572645	27.178024291992188	-1.3651654995827278	4
19062	2059.927001953125	99501.27017419676	27.178024291992188	-1.1763929451355004	4
19064	2060.14306640625	99500.98677091495	27.174217224121094	-1.1518853801968487	4
19065	2060.2509765625	99500.44005975431	27.173900604248047	-1.10551955911526	4
19067	2060.467041015625	99502.72222298525	27.17738914489746	-1.2989299050708292	4
19068	2060.574951171875	99500.45383881847	27.17072868347168	-1.1068442997251116	4
19070	2060.791015625	99502.86012323388	27.172948837280273	-1.3108523431610242	4
19072	2061.007080078125	99501.25007322442	27.170412063598633	-1.174405847425426	4
19073	2061.114990234375	99501.46951756587	27.171680450439453	-1.19295207799069	4
19074	2061.222900390625	99504.47018414039	27.175487518310547	-1.4472970519651596	4
19075	2061.3310546875	99504.47018414039	27.175487518310547	-1.4472970519651596	4
19076	2061.43896484375	99503.71905942964	27.172948837280273	-1.3837113905759901	4
19077	2061.547119140625	99503.01305002921	27.167556762695312	-1.3240994805883766	4
19078	2061.655029296875	99503.01305002921	27.167556762695312	-1.3240994805883766	4
19079	2061.762939453125	99501.57733666984	27.169143676757812	-1.202225180895451	4
19080	2061.87109375	99503.42059810412	27.170095443725586	-1.3585419590748482	4
19081	2061.97900390625	99503.42059810412	27.170095443725586	-1.3585419590748482	4
19082	2062.0869140625	99503.71394758469	27.164384841918945	-1.3830490378953808	4
19083	2062.195068359375	99502.20050870773	27.16660499572754	-1.255214182025568	4
19084	2062.302978515625	99502.20050870773	27.16660499572754	-1.255214182025568	4
19085	2062.410888671875	99503.5722307043	27.1624813079834	-1.37112668242932	4
19086	2062.51904296875	99504.77729197574	27.16660499572754	-1.473128616052124	4
19089	2062.843017578125	99503.81055735644	27.169143676757812	-1.3916596194753472	4
19090	2062.950927734375	99503.81055735644	27.169143676757812	-1.3916596194753472	4
19091	2063.05908203125	99503.23377410893	27.171045303344727	-1.3426454446873626	4
19092	2063.1669921875	99502.9817002042	27.167240142822266	-1.3214500544514296	4
19093	2063.27490234375	99503.29264280919	27.165019989013672	-1.3472819305591743	4
19094	2063.383056640625	99503.29264280919	27.165019989013672	-1.3472819305591743	4
19096	2063.59912109375	99504.40108734132	27.164384841918945	-1.441335912694579	4
19101	2064.138916015625	99502.48010352752	27.1640682220459	-1.2783967852752576	4
19103	2064.35498046875	99503.51081257424	27.1640682220459	-1.3658278533953094	4
19107	2064.787109375	99503.21234574502	27.161212921142578	-1.3406583786921988	4
19112	2065.326904296875	99502.34957732669	27.154869079589844	-1.2677990301922892	4
19115	2065.65087890625	99501.9106775416	27.152015686035156	-1.230706802503978	4
19116	2065.759033203125	99502.42602209949	27.152015686035156	-1.2744226283815396	4
19117	2065.866943359375	99501.22355156636	27.152015686035156	-1.1724187493314653	4
19121	2066.299072265625	99504.31172679095	27.145671844482422	-1.4340500711830861	4
19123	2066.514892578125	99504.85971859518	27.147891998291016	-1.48041443023879	4
19128	2067.054931640625	99503.0929442777	27.1444034576416	-1.330723042987616	4
19131	2067.37890625	99504.07333691884	27.13869285583496	-1.4135172176766142	4
19132	2067.487060546875	99506.24506033369	27.140596389770508	-1.5976491034372264	4
19142	2068.56689453125	99501.40851118561	27.12220001220703	-1.1876531583398364	4
19143	2068.675048828125	99502.83038284657	27.12346839904785	-1.3082029136478468	4
19144	2068.782958984375	99504.31232297435	27.12093162536621	-1.4340500711830861	4
19154	2069.863037109375	99503.3064187835	27.110464096069336	-1.3486066404285957	4
19155	2069.970947265625	99503.3064187835	27.110464096069336	-1.3486066404285957	4
19157	2070.18701171875	99501.91326669013	27.105072021484375	-1.230706802503978	4
19158	2070.294921875	99501.91326669013	27.105072021484375	-1.230706802503978	4
19159	2070.403076171875	99502.34952869522	27.103487014770508	-1.2677990301922892	4
19161	2070.618896484375	99499.83438310423	27.10158348083496	-1.0545169175902225	4
19163	2070.8349609375	99500.39472224069	27.09872817993164	-1.1022077068474667	4
19164	2070.943115234375	99500.39472224069	27.09872817993164	-1.1022077068474667	4
19166	2071.158935546875	99502.0620227124	27.093019485473633	-1.243291680269314	4
19173	2071.9150390625	99503.49481178413	27.086992263793945	-1.36450314572093	4
19177	2072.346923828125	99501.25784732972	27.08064842224121	-1.175068213364876	4
19178	2072.455078125	99502.11530641449	27.078428268432617	-1.2479282103471045	4
19186	2073.319091796875	99501.65866622994	27.072402954101562	-1.2088488207806547	4
19187	2073.427001953125	99501.48554984856	27.07018280029297	-1.1942768074875265	4
19188	2073.534912109375	99501.48554984856	27.07018280029297	-1.1942768074875265	4
19189	2073.64306640625	99502.98367273042	27.06891441345215	-1.3214500544514296	4
19190	2073.7509765625	99499.71754444549	27.064472198486328	-1.0445813090114142	4
