Номер пакета	Время	Давление	Температура	Высота	Состояние
3862	418.6239929199219	69375.88074408207	22.77215576171875	2940.0219474389223	4
3863	418.73199462890625	69375.88074408207	22.77215576171875	2940.0219474389223	4
3866	419.0559997558594	69375.88074408207	22.77215576171875	2940.0219474389223	4
3868	419.2720031738281	69375.88074408207	22.77215576171875	2940.0219474389223	4
3870	419.4880065917969	69375.88074408207	22.77215576171875	2940.0219474389223	4
3872	419.7040100097656	69375.88074408207	22.77215576171875	2940.0219474389223	4
3875	420.02801513671875	69375.88074408207	22.77215576171875	2940.0219474389223	4
3876	420.135986328125	69375.88074408207	22.77215576171875	2940.0219474389223	4
3879	420.4599914550781	69375.88074408207	22.77215576171875	2940.0219474389223	4
3880	420.5679931640625	69375.88074408207	22.77215576171875	2940.0219474389223	4
3882	420.78399658203125	69375.88074408207	22.77215576171875	2940.0219474389223	4
3883	420.8919982910156	69375.88074408207	22.77215576171875	2940.0219474389223	4
3886	421.21600341796875	69375.88074408207	22.77215576171875	2940.0219474389223	4
3887	421.3240051269531	69375.88074408207	22.77215576171875	2940.0219474389223	4
3889	421.5400085449219	69375.88074408207	22.77215576171875	2940.0219474389223	4
3891	421.7560119628906	69375.88074408207	22.77215576171875	2940.0219474389223	4
3892	421.864013671875	69375.88074408207	22.77215576171875	2940.0219474389223	4
3893	421.97198486328125	69375.88074408207	22.77215576171875	2940.0219474389223	4
3896	422.2959899902344	69375.88074408207	22.77215576171875	2940.0219474389223	4
3897	422.40399169921875	69375.88074408207	22.77215576171875	2940.0219474389223	4
3898	422.5119934082031	69375.88074408207	22.77215576171875	2940.0219474389223	4
3903	423.052001953125	69375.88074408207	22.77215576171875	2940.0219474389223	4
3907	423.4840087890625	69375.88074408207	22.77215576171875	2940.0219474389223	4
3910	423.8080139160156	69375.88074408207	22.77215576171875	2940.0219474389223	4
3913	424.1319885253906	69375.88074408207	22.77215576171875	2940.0219474389223	4
3919	424.7799987792969	69375.88074408207	22.77215576171875	2940.0219474389223	4
3923	425.2120056152344	69375.88074408207	22.77215576171875	2940.0219474389223	4
3924	425.32000732421875	69375.88074408207	22.77215576171875	2940.0219474389223	4
3929	425.8599853515625	69375.88074408207	22.77215576171875	2940.0219474389223	4
3934	426.3999938964844	69375.88074408207	22.77215576171875	2940.0219474389223	4
3936	426.6159973144531	69375.88074408207	22.77215576171875	2940.0219474389223	4
3939	426.94000244140625	69375.88074408207	22.77215576171875	2940.0219474389223	4
3940	427.0480041503906	69375.88074408207	22.77215576171875	2940.0219474389223	4
3942	427.2640075683594	69375.88074408207	22.77215576171875	2940.0219474389223	4
3947	427.8039855957031	69375.88074408207	22.77215576171875	2940.0219474389223	4
3949	428.0199890136719	69375.88074408207	22.77215576171875	2940.0219474389223	4
3950	428.12799072265625	69375.88074408207	22.77215576171875	2940.0219474389223	4
3951	428.2359924316406	69375.88074408207	22.77215576171875	2940.0219474389223	4
3953	428.4519958496094	69375.88074408207	22.77215576171875	2940.0219474389223	4
3954	428.55999755859375	69375.88074408207	22.77215576171875	2940.0219474389223	4
3955	428.6679992675781	69375.88074408207	22.77215576171875	2940.0219474389223	4
3957	428.8840026855469	69375.88074408207	22.77215576171875	2940.0219474389223	4
3958	428.99200439453125	69375.88074408207	22.77215576171875	2940.0219474389223	4
3959	429.1000061035156	69375.88074408207	22.77215576171875	2940.0219474389223	4
3960	429.2080078125	69375.88074408207	22.77215576171875	2940.0219474389223	4
3961	429.3160095214844	69375.88074408207	22.77215576171875	2940.0219474389223	4
3962	429.42401123046875	69375.88074408207	22.77215576171875	2940.0219474389223	4
3963	429.5320129394531	69375.88074408207	22.77215576171875	2940.0219474389223	4
3965	429.74798583984375	69375.88074408207	22.77215576171875	2940.0219474389223	4
3966	429.8559875488281	69375.88074408207	22.77215576171875	2940.0219474389223	4
3970	430.2879943847656	69375.88074408207	22.77215576171875	2940.0219474389223	4
3971	430.39599609375	69375.88074408207	22.77215576171875	2940.0219474389223	4
3972	430.5039978027344	69375.88074408207	22.77215576171875	2940.0219474389223	4
3973	430.61199951171875	69375.88074408207	22.77215576171875	2940.0219474389223	4
3976	430.9360046386719	69375.88074408207	22.77215576171875	2940.0219474389223	4
3977	431.04400634765625	69375.88074408207	22.77215576171875	2940.0219474389223	4
3978	431.1520080566406	69375.88074408207	22.77215576171875	2940.0219474389223	4
3979	431.260009765625	69375.88074408207	22.77215576171875	2940.0219474389223	4
3980	431.3680114746094	69375.88074408207	22.77215576171875	2940.0219474389223	4
3981	431.47601318359375	69375.88074408207	22.77215576171875	2940.0219474389223	4
3983	431.6919860839844	69375.88074408207	22.77215576171875	2940.0219474389223	4
3986	432.0159912109375	69375.88074408207	22.77215576171875	2940.0219474389223	4
3987	432.1239929199219	69375.88074408207	22.77215576171875	2940.0219474389223	4
3988	432.23199462890625	69375.88074408207	22.77215576171875	2940.0219474389223	4
3989	432.3399963378906	69375.88074408207	22.77215576171875	2940.0219474389223	4
3991	432.5559997558594	69375.88074408207	22.77215576171875	2940.0219474389223	4
3992	432.66400146484375	69375.88074408207	22.77215576171875	2940.0219474389223	4
3993	432.7720031738281	69375.88074408207	22.77215576171875	2940.0219474389223	4
3995	432.9880065917969	69375.88074408207	22.77215576171875	2940.0219474389223	4
3998	433.31201171875	69375.88074408207	22.77215576171875	2940.0219474389223	4
4001	433.635986328125	69375.88074408207	22.77215576171875	2940.0219474389223	4
4004	433.9599914550781	69375.88074408207	22.77215576171875	2940.0219474389223	4
4007	434.28399658203125	69375.88074408207	22.77215576171875	2940.0219474389223	4
4010	434.6080017089844	69375.88074408207	22.77215576171875	2940.0219474389223	4
4013	434.9320068359375	69375.88074408207	22.77215576171875	2940.0219474389223	4
4016	435.2560119628906	69375.88074408207	22.77215576171875	2940.0219474389223	4
4019	435.5799865722656	69375.88074408207	22.77215576171875	2940.0219474389223	4
4022	435.90399169921875	69375.88074408207	22.77215576171875	2940.0219474389223	4
4026	436.33599853515625	69375.88074408207	22.77215576171875	2940.0219474389223	4
4029	436.6600036621094	69375.88074408207	22.77215576171875	2940.0219474389223	4
4030	436.76800537109375	69375.88074408207	22.77215576171875	2940.0219474389223	4
4032	436.9840087890625	69375.88074408207	22.77215576171875	2940.0219474389223	4
4042	438.0639953613281	69375.88074408207	22.77215576171875	2940.0219474389223	4
4043	438.1719970703125	69375.88074408207	22.77215576171875	2940.0219474389223	4
4044	438.2799987792969	69375.88074408207	22.77215576171875	2940.0219474389223	4
4045	438.38800048828125	69375.88074408207	22.77215576171875	2940.0219474389223	4
4046	438.4960021972656	69375.88074408207	22.77215576171875	2940.0219474389223	4
4047	438.60400390625	69375.88074408207	22.77215576171875	2940.0219474389223	4
4048	438.7120056152344	69375.88074408207	22.77215576171875	2940.0219474389223	4
4049	438.82000732421875	69375.88074408207	22.77215576171875	2940.0219474389223	4
4050	438.9280090332031	69375.88074408207	22.77215576171875	2940.0219474389223	4
4051	439.0360107421875	69375.88074408207	22.77215576171875	2940.0219474389223	4
4052	439.1440124511719	69375.88074408207	22.77215576171875	2940.0219474389223	4
4053	439.25201416015625	69375.88074408207	22.77215576171875	2940.0219474389223	4
4054	439.3599853515625	69375.88074408207	22.77215576171875	2940.0219474389223	4
4055	439.4679870605469	69375.88074408207	22.77215576171875	2940.0219474389223	4
4056	439.57598876953125	69375.88074408207	22.77215576171875	2940.0219474389223	4
4057	439.6839904785156	69375.88074408207	22.77215576171875	2940.0219474389223	4
4058	439.7919921875	69375.88074408207	22.77215576171875	2940.0219474389223	4
4059	439.8999938964844	69375.88074408207	22.77215576171875	2940.0219474389223	4
4060	440.00799560546875	69375.88074408207	22.77215576171875	2940.0219474389223	4
4061	440.1159973144531	69375.88074408207	22.77215576171875	2940.0219474389223	4
4062	440.2239990234375	69375.88074408207	22.77215576171875	2940.0219474389223	4
4063	440.3320007324219	69375.88074408207	22.77215576171875	2940.0219474389223	4
4064	440.44000244140625	69375.88074408207	22.77215576171875	2940.0219474389223	4
4065	440.5480041503906	69375.88074408207	22.77215576171875	2940.0219474389223	4
4066	440.656005859375	69375.88074408207	22.77215576171875	2940.0219474389223	4
4067	440.7640075683594	69375.88074408207	22.77215576171875	2940.0219474389223	4
4068	440.87200927734375	69375.88074408207	22.77215576171875	2940.0219474389223	4
4069	440.9800109863281	69375.88074408207	22.77215576171875	2940.0219474389223	4
4070	441.0880126953125	69375.88074408207	22.77215576171875	2940.0219474389223	4
4072	441.3039855957031	69375.88074408207	22.77215576171875	2940.0219474389223	4
4073	441.4119873046875	69375.88074408207	22.77215576171875	2940.0219474389223	4
4075	441.62799072265625	69375.88074408207	22.77215576171875	2940.0219474389223	4
4076	441.7359924316406	69375.88074408207	22.77215576171875	2940.0219474389223	4
4077	441.843994140625	69375.88074408207	22.77215576171875	2940.0219474389223	4
4078	441.9519958496094	69375.88074408207	22.77215576171875	2940.0219474389223	4
4079	442.05999755859375	69375.88074408207	22.77215576171875	2940.0219474389223	4
4080	442.1679992675781	69375.88074408207	22.77215576171875	2940.0219474389223	4
4081	442.2760009765625	69375.88074408207	22.77215576171875	2940.0219474389223	4
4082	442.3840026855469	69375.88074408207	22.77215576171875	2940.0219474389223	4
4083	442.49200439453125	69375.88074408207	22.77215576171875	2940.0219474389223	4
4084	442.6000061035156	69375.88074408207	22.77215576171875	2940.0219474389223	4
4085	442.7080078125	69375.88074408207	22.77215576171875	2940.0219474389223	4
4086	442.8160095214844	69375.88074408207	22.77215576171875	2940.0219474389223	4
4087	442.92401123046875	69375.88074408207	22.77215576171875	2940.0219474389223	4
4088	443.0320129394531	69375.88074408207	22.77215576171875	2940.0219474389223	4
4090	443.24798583984375	69375.88074408207	22.77215576171875	2940.0219474389223	4
4091	443.3559875488281	69375.88074408207	22.77215576171875	2940.0219474389223	4
4092	443.4639892578125	69375.88074408207	22.77215576171875	2940.0219474389223	4
4093	443.5719909667969	69375.88074408207	22.77215576171875	2940.0219474389223	4
4094	443.67999267578125	69375.88074408207	22.77215576171875	2940.0219474389223	4
4095	443.7879943847656	69375.88074408207	22.77215576171875	2940.0219474389223	4
4096	443.89599609375	69375.88074408207	22.77215576171875	2940.0219474389223	4
4097	444.0039978027344	69375.88074408207	22.77215576171875	2940.0219474389223	4
4098	444.11199951171875	69375.88074408207	22.77215576171875	2940.0219474389223	4
4099	444.2200012207031	69375.88074408207	22.77215576171875	2940.0219474389223	4
4100	444.3280029296875	69375.88074408207	22.77215576171875	2940.0219474389223	4
4101	444.4360046386719	69375.88074408207	22.77215576171875	2940.0219474389223	4
4102	444.54400634765625	69375.88074408207	22.77215576171875	2940.0219474389223	4
4103	444.6520080566406	69375.88074408207	22.77215576171875	2940.0219474389223	4
4104	444.760009765625	69375.88074408207	22.77215576171875	2940.0219474389223	4
4105	444.8680114746094	69375.88074408207	22.77215576171875	2940.0219474389223	4
4106	444.97601318359375	69375.88074408207	22.77215576171875	2940.0219474389223	4
4107	445.0840148925781	69375.88074408207	22.77215576171875	2940.0219474389223	4
4108	445.1919860839844	69375.88074408207	22.77215576171875	2940.0219474389223	4
4109	445.29998779296875	69375.88074408207	22.77215576171875	2940.0219474389223	4
4110	445.4079895019531	69375.88074408207	22.77215576171875	2940.0219474389223	4
4111	445.5159912109375	69375.88074408207	22.77215576171875	2940.0219474389223	4
4112	445.6239929199219	69375.88074408207	22.77215576171875	2940.0219474389223	4
4113	445.73199462890625	69375.88074408207	22.77215576171875	2940.0219474389223	4
4114	445.8399963378906	69375.88074408207	22.77215576171875	2940.0219474389223	4
4115	445.947998046875	69375.88074408207	22.77215576171875	2940.0219474389223	4
4116	446.0559997558594	69375.88074408207	22.77215576171875	2940.0219474389223	4
4117	446.16400146484375	69375.88074408207	22.77215576171875	2940.0219474389223	4
4118	446.2720031738281	69375.88074408207	22.77215576171875	2940.0219474389223	4
4119	446.3800048828125	69375.88074408207	22.77215576171875	2940.0219474389223	4
4120	446.4880065917969	69375.88074408207	22.77215576171875	2940.0219474389223	4
4121	446.59600830078125	69375.88074408207	22.77215576171875	2940.0219474389223	4
4122	446.7040100097656	69375.88074408207	22.77215576171875	2940.0219474389223	4
4123	446.81201171875	69375.88074408207	22.77215576171875	2940.0219474389223	4
4124	446.9200134277344	69375.88074408207	22.77215576171875	2940.0219474389223	4
4125	447.02801513671875	69375.88074408207	22.77215576171875	2940.0219474389223	4
4126	447.135986328125	69375.88074408207	22.77215576171875	2940.0219474389223	4
4127	447.2439880371094	69375.88074408207	22.77215576171875	2940.0219474389223	4
4128	447.35198974609375	69375.88074408207	22.77215576171875	2940.0219474389223	4
4129	447.4599914550781	69375.88074408207	22.77215576171875	2940.0219474389223	4
4130	447.5679931640625	69375.88074408207	22.77215576171875	2940.0219474389223	4
4131	447.6759948730469	69375.88074408207	22.77215576171875	2940.0219474389223	4
4132	447.78399658203125	69375.88074408207	22.77215576171875	2940.0219474389223	4
4133	447.8919982910156	69375.88074408207	22.77215576171875	2940.0219474389223	4
4134	448.0	69375.88074408207	22.77215576171875	2940.0219474389223	4
4135	448.1080017089844	69375.88074408207	22.77215576171875	2940.0219474389223	4
4136	448.21600341796875	69375.88074408207	22.77215576171875	2940.0219474389223	4
4137	448.3240051269531	69375.88074408207	22.77215576171875	2940.0219474389223	4
4138	448.4320068359375	69375.88074408207	22.77215576171875	2940.0219474389223	4
4139	448.5400085449219	69375.88074408207	22.77215576171875	2940.0219474389223	4
4140	448.64801025390625	69375.88074408207	22.77215576171875	2940.0219474389223	4
4141	448.7560119628906	69375.88074408207	22.77215576171875	2940.0219474389223	4
4142	448.864013671875	69375.88074408207	22.77215576171875	2940.0219474389223	4
4143	448.97198486328125	69375.88074408207	22.77215576171875	2940.0219474389223	4
4144	449.0799865722656	69375.88074408207	22.77215576171875	2940.0219474389223	4
4145	449.18798828125	69375.88074408207	22.77215576171875	2940.0219474389223	4
4146	449.2959899902344	69375.88074408207	22.77215576171875	2940.0219474389223	4
4147	449.40399169921875	69375.88074408207	22.77215576171875	2940.0219474389223	4
4148	449.5119934082031	69375.88074408207	22.77215576171875	2940.0219474389223	4
4149	449.6199951171875	69375.88074408207	22.77215576171875	2940.0219474389223	4
4150	449.7279968261719	69375.88074408207	22.77215576171875	2940.0219474389223	4
4151	449.83599853515625	69375.88074408207	22.77215576171875	2940.0219474389223	4
4152	449.9440002441406	69375.88074408207	22.77215576171875	2940.0219474389223	4
4153	450.052001953125	69375.88074408207	22.77215576171875	2940.0219474389223	4
4154	450.1600036621094	69375.88074408207	22.77215576171875	2940.0219474389223	4
4155	450.26800537109375	69375.88074408207	22.77215576171875	2940.0219474389223	4
4156	450.3760070800781	69375.88074408207	22.77215576171875	2940.0219474389223	4
4157	450.4840087890625	69375.88074408207	22.77215576171875	2940.0219474389223	4
4158	450.5920104980469	69375.88074408207	22.77215576171875	2940.0219474389223	4
4159	450.70001220703125	69375.88074408207	22.77215576171875	2940.0219474389223	4
4160	450.8080139160156	69375.88074408207	22.77215576171875	2940.0219474389223	4
4161	450.9159851074219	69375.88074408207	22.77215576171875	2940.0219474389223	4
4162	451.02398681640625	69375.88074408207	22.77215576171875	2940.0219474389223	4
4163	451.1319885253906	69375.88074408207	22.77215576171875	2940.0219474389223	4
4164	451.239990234375	69375.88074408207	22.77215576171875	2940.0219474389223	4
4165	451.3479919433594	69375.88074408207	22.77215576171875	2940.0219474389223	4
4166	451.45599365234375	69375.88074408207	22.77215576171875	2940.0219474389223	4
4167	451.5639953613281	69375.88074408207	22.77215576171875	2940.0219474389223	4
4168	451.6719970703125	69375.88074408207	22.77215576171875	2940.0219474389223	4
4169	451.7799987792969	69375.88074408207	22.77215576171875	2940.0219474389223	4
4170	451.88800048828125	69375.88074408207	22.77215576171875	2940.0219474389223	4
4171	451.9960021972656	69375.88074408207	22.77215576171875	2940.0219474389223	4
4172	452.10400390625	69375.88074408207	22.77215576171875	2940.0219474389223	4
4173	452.2120056152344	69375.88074408207	22.77215576171875	2940.0219474389223	4
4175	452.4280090332031	69375.88074408207	22.77215576171875	2940.0219474389223	4
4176	452.5360107421875	69375.88074408207	22.77215576171875	2940.0219474389223	4
4178	452.75201416015625	69375.88074408207	22.77215576171875	2940.0219474389223	4
4179	452.8599853515625	69375.88074408207	22.77215576171875	2940.0219474389223	4
4180	452.9679870605469	69375.88074408207	22.77215576171875	2940.0219474389223	4
4181	453.07598876953125	69375.88074408207	22.77215576171875	2940.0219474389223	4
4182	453.1839904785156	69375.88074408207	22.77215576171875	2940.0219474389223	4
4183	453.2919921875	69375.88074408207	22.77215576171875	2940.0219474389223	4
4184	453.3999938964844	69375.88074408207	22.77215576171875	2940.0219474389223	4
4185	453.50799560546875	69375.88074408207	22.77215576171875	2940.0219474389223	4
4186	453.6159973144531	69375.88074408207	22.77215576171875	2940.0219474389223	4
4187	453.7239990234375	69375.88074408207	22.77215576171875	2940.0219474389223	4
4188	453.8320007324219	69375.88074408207	22.77215576171875	2940.0219474389223	4
4189	453.94000244140625	69375.88074408207	22.77215576171875	2940.0219474389223	4
4190	454.0480041503906	69375.88074408207	22.77215576171875	2940.0219474389223	4
4191	454.156005859375	69375.88074408207	22.77215576171875	2940.0219474389223	4
4192	454.2640075683594	69375.88074408207	22.77215576171875	2940.0219474389223	4
4193	454.37200927734375	69375.88074408207	22.77215576171875	2940.0219474389223	4
4194	454.4800109863281	69375.88074408207	22.77215576171875	2940.0219474389223	4
4195	454.5880126953125	69375.88074408207	22.77215576171875	2940.0219474389223	4
4196	454.6960144042969	69375.88074408207	22.77215576171875	2940.0219474389223	4
4197	454.8039855957031	69375.88074408207	22.77215576171875	2940.0219474389223	4
4198	454.9119873046875	69375.88074408207	22.77215576171875	2940.0219474389223	4
4199	455.0199890136719	69375.88074408207	22.77215576171875	2940.0219474389223	4
4200	455.12799072265625	69375.88074408207	22.77215576171875	2940.0219474389223	4
4201	455.2359924316406	69375.88074408207	22.77215576171875	2940.0219474389223	4
4202	455.343994140625	69375.88074408207	22.77215576171875	2940.0219474389223	4
4203	455.4519958496094	69375.88074408207	22.77215576171875	2940.0219474389223	4
4204	455.55999755859375	69375.88074408207	22.77215576171875	2940.0219474389223	4
4205	455.6679992675781	69375.88074408207	22.77215576171875	2940.0219474389223	4
4206	455.7760009765625	69375.88074408207	22.77215576171875	2940.0219474389223	4
4207	455.8840026855469	69375.88074408207	22.77215576171875	2940.0219474389223	4
4208	455.99200439453125	69375.88074408207	22.77215576171875	2940.0219474389223	4
4209	456.1000061035156	69375.88074408207	22.77215576171875	2940.0219474389223	4
4210	456.2080078125	69375.88074408207	22.77215576171875	2940.0219474389223	4
4211	456.3160095214844	69375.88074408207	22.77215576171875	2940.0219474389223	4
4212	456.42401123046875	69375.88074408207	22.77215576171875	2940.0219474389223	4
4213	456.5320129394531	69375.88074408207	22.77215576171875	2940.0219474389223	4
4214	456.6400146484375	69375.88074408207	22.77215576171875	2940.0219474389223	4
4215	456.74798583984375	69375.88074408207	22.77215576171875	2940.0219474389223	4
4216	456.8559875488281	69375.88074408207	22.77215576171875	2940.0219474389223	4
4217	456.9639892578125	69375.88074408207	22.77215576171875	2940.0219474389223	4
4218	457.0719909667969	69375.88074408207	22.77215576171875	2940.0219474389223	4
4219	457.17999267578125	69375.88074408207	22.77215576171875	2940.0219474389223	4
4220	457.2879943847656	69375.88074408207	22.77215576171875	2940.0219474389223	4
4221	457.39599609375	69375.88074408207	22.77215576171875	2940.0219474389223	4
4222	457.5039978027344	69375.88074408207	22.77215576171875	2940.0219474389223	4
4223	457.61199951171875	69375.88074408207	22.77215576171875	2940.0219474389223	4
4224	457.7200012207031	69375.88074408207	22.77215576171875	2940.0219474389223	4
4225	457.8280029296875	69375.88074408207	22.77215576171875	2940.0219474389223	4
4226	457.9360046386719	69375.88074408207	22.77215576171875	2940.0219474389223	4
4227	458.04400634765625	69375.88074408207	22.77215576171875	2940.0219474389223	4
4228	458.1520080566406	69375.88074408207	22.77215576171875	2940.0219474389223	4
4229	458.260009765625	69375.88074408207	22.77215576171875	2940.0219474389223	4
4230	458.3680114746094	69375.88074408207	22.77215576171875	2940.0219474389223	4
4231	458.47601318359375	69375.88074408207	22.77215576171875	2940.0219474389223	4
4232	458.5840148925781	69375.88074408207	22.77215576171875	2940.0219474389223	4
4233	458.6919860839844	69375.88074408207	22.77215576171875	2940.0219474389223	4
4234	458.79998779296875	69375.88074408207	22.77215576171875	2940.0219474389223	4
4235	458.9079895019531	69375.88074408207	22.77215576171875	2940.0219474389223	4
4236	459.0159912109375	69375.88074408207	22.77215576171875	2940.0219474389223	4
4237	459.1239929199219	69375.88074408207	22.77215576171875	2940.0219474389223	4
4238	459.23199462890625	69375.88074408207	22.77215576171875	2940.0219474389223	4
4239	459.3399963378906	69375.88074408207	22.77215576171875	2940.0219474389223	4
4240	459.447998046875	69375.88074408207	22.77215576171875	2940.0219474389223	4
4241	459.5559997558594	69375.88074408207	22.77215576171875	2940.0219474389223	4
4242	459.66400146484375	69375.88074408207	22.77215576171875	2940.0219474389223	4
4243	459.7720031738281	69375.88074408207	22.77215576171875	2940.0219474389223	4
4244	459.8800048828125	69375.88074408207	22.77215576171875	2940.0219474389223	4
4245	459.9880065917969	69375.88074408207	22.77215576171875	2940.0219474389223	4
4246	460.09600830078125	69375.88074408207	22.77215576171875	2940.0219474389223	4
4247	460.2040100097656	69375.88074408207	22.77215576171875	2940.0219474389223	4
4248	460.31201171875	69375.88074408207	22.77215576171875	2940.0219474389223	4
4249	460.4200134277344	69375.88074408207	22.77215576171875	2940.0219474389223	4
4250	460.52801513671875	69375.88074408207	22.77215576171875	2940.0219474389223	4
4251	460.635986328125	69375.88074408207	22.77215576171875	2940.0219474389223	4
4252	460.7439880371094	69375.88074408207	22.77215576171875	2940.0219474389223	4
4253	460.85198974609375	69375.88074408207	22.77215576171875	2940.0219474389223	4
4254	460.9599914550781	69375.88074408207	22.77215576171875	2940.0219474389223	4
4255	461.0679931640625	69375.88074408207	22.77215576171875	2940.0219474389223	4
4256	461.1759948730469	69375.88074408207	22.77215576171875	2940.0219474389223	4
4257	461.28399658203125	69375.88074408207	22.77215576171875	2940.0219474389223	4
4258	461.3919982910156	69375.88074408207	22.77215576171875	2940.0219474389223	4
4259	461.5	69375.88074408207	22.77215576171875	2940.0219474389223	4
4260	461.6080017089844	69375.88074408207	22.77215576171875	2940.0219474389223	4
4261	461.71600341796875	69375.88074408207	22.77215576171875	2940.0219474389223	4
4262	461.8240051269531	69375.88074408207	22.77215576171875	2940.0219474389223	4
4263	461.9320068359375	69375.88074408207	22.77215576171875	2940.0219474389223	4
4264	462.0400085449219	69375.88074408207	22.77215576171875	2940.0219474389223	4
4265	462.14801025390625	69375.88074408207	22.77215576171875	2940.0219474389223	4
4266	462.2560119628906	69375.88074408207	22.77215576171875	2940.0219474389223	4
4267	462.364013671875	69375.88074408207	22.77215576171875	2940.0219474389223	4
4268	462.47198486328125	69375.88074408207	22.77215576171875	2940.0219474389223	4
4269	462.5799865722656	69375.88074408207	22.77215576171875	2940.0219474389223	4
4270	462.68798828125	69375.88074408207	22.77215576171875	2940.0219474389223	4
4271	462.7959899902344	69375.88074408207	22.77215576171875	2940.0219474389223	4
4272	462.90399169921875	69375.88074408207	22.77215576171875	2940.0219474389223	4
4273	463.0119934082031	69375.88074408207	22.77215576171875	2940.0219474389223	4
4274	463.1199951171875	69375.88074408207	22.77215576171875	2940.0219474389223	4
4275	463.2279968261719	69375.88074408207	22.77215576171875	2940.0219474389223	4
4276	463.33599853515625	69375.88074408207	22.77215576171875	2940.0219474389223	4
4277	463.4440002441406	69375.88074408207	22.77215576171875	2940.0219474389223	4
4278	463.552001953125	69375.88074408207	22.77215576171875	2940.0219474389223	4
4279	463.6600036621094	69375.88074408207	22.77215576171875	2940.0219474389223	4
4280	463.76800537109375	69375.88074408207	22.77215576171875	2940.0219474389223	4
4281	463.8760070800781	69375.88074408207	22.77215576171875	2940.0219474389223	4
4282	463.9840087890625	69375.88074408207	22.77215576171875	2940.0219474389223	4
4283	464.0920104980469	69375.88074408207	22.77215576171875	2940.0219474389223	4
4284	464.20001220703125	69375.88074408207	22.77215576171875	2940.0219474389223	4
4285	464.3080139160156	69375.88074408207	22.77215576171875	2940.0219474389223	4
4286	464.4159851074219	69375.88074408207	22.77215576171875	2940.0219474389223	4
4287	464.52398681640625	69375.88074408207	22.77215576171875	2940.0219474389223	4
4288	464.6319885253906	69375.88074408207	22.77215576171875	2940.0219474389223	4
4289	464.739990234375	69375.88074408207	22.77215576171875	2940.0219474389223	4
4290	464.8479919433594	69375.88074408207	22.77215576171875	2940.0219474389223	4
4291	464.95599365234375	69375.88074408207	22.77215576171875	2940.0219474389223	4
4292	465.0639953613281	69375.88074408207	22.77215576171875	2940.0219474389223	4
4293	465.1719970703125	69375.88074408207	22.77215576171875	2940.0219474389223	4
4294	465.2799987792969	69375.88074408207	22.77215576171875	2940.0219474389223	4
4295	465.38800048828125	69375.88074408207	22.77215576171875	2940.0219474389223	4
4296	465.4960021972656	69375.88074408207	22.77215576171875	2940.0219474389223	4
4297	465.60400390625	69375.88074408207	22.77215576171875	2940.0219474389223	4
4298	465.7120056152344	69375.88074408207	22.77215576171875	2940.0219474389223	4
4299	465.82000732421875	69375.88074408207	22.77215576171875	2940.0219474389223	4
4300	465.9280090332031	69375.88074408207	22.77215576171875	2940.0219474389223	4
4301	466.0360107421875	69375.88074408207	22.77215576171875	2940.0219474389223	4
4302	466.1440124511719	69375.88074408207	22.77215576171875	2940.0219474389223	4
4303	466.25201416015625	69375.88074408207	22.77215576171875	2940.0219474389223	4
4304	466.3599853515625	69375.88074408207	22.77215576171875	2940.0219474389223	4
4305	466.4679870605469	69375.88074408207	22.77215576171875	2940.0219474389223	4
4306	466.57598876953125	69375.88074408207	22.77215576171875	2940.0219474389223	4
4307	466.6839904785156	69375.88074408207	22.77215576171875	2940.0219474389223	4
4308	466.7919921875	69375.88074408207	22.77215576171875	2940.0219474389223	4
4309	466.8999938964844	69375.88074408207	22.77215576171875	2940.0219474389223	4
4310	467.00799560546875	69375.88074408207	22.77215576171875	2940.0219474389223	4
4311	467.1159973144531	69375.88074408207	22.77215576171875	2940.0219474389223	4
4312	467.2239990234375	69375.88074408207	22.77215576171875	2940.0219474389223	4
4313	467.3320007324219	69375.88074408207	22.77215576171875	2940.0219474389223	4
4314	467.44000244140625	69375.88074408207	22.77215576171875	2940.0219474389223	4
4315	467.5480041503906	69375.88074408207	22.77215576171875	2940.0219474389223	4
4316	467.656005859375	69375.88074408207	22.77215576171875	2940.0219474389223	4
4317	467.7640075683594	69375.88074408207	22.77215576171875	2940.0219474389223	4
4318	467.87200927734375	69375.88074408207	22.77215576171875	2940.0219474389223	4
4319	467.9800109863281	69375.88074408207	22.77215576171875	2940.0219474389223	4
4320	468.0880126953125	69375.88074408207	22.77215576171875	2940.0219474389223	4
4321	468.1960144042969	69375.88074408207	22.77215576171875	2940.0219474389223	4
4322	468.3039855957031	69375.88074408207	22.77215576171875	2940.0219474389223	4
4323	468.4119873046875	69375.88074408207	22.77215576171875	2940.0219474389223	4
4324	468.5199890136719	69375.88074408207	22.77215576171875	2940.0219474389223	4
4325	468.62799072265625	69375.88074408207	22.77215576171875	2940.0219474389223	4
4326	468.7359924316406	69375.88074408207	22.77215576171875	2940.0219474389223	4
4327	468.843994140625	69375.88074408207	22.77215576171875	2940.0219474389223	4
4328	468.9519958496094	69375.88074408207	22.77215576171875	2940.0219474389223	4
4329	469.05999755859375	69375.88074408207	22.77215576171875	2940.0219474389223	4
4330	469.1679992675781	69375.88074408207	22.77215576171875	2940.0219474389223	4
4331	469.2760009765625	69375.88074408207	22.77215576171875	2940.0219474389223	4
4332	469.3840026855469	69375.88074408207	22.77215576171875	2940.0219474389223	4
4333	469.49200439453125	69375.88074408207	22.77215576171875	2940.0219474389223	4
4334	469.6000061035156	69375.88074408207	22.77215576171875	2940.0219474389223	4
4335	469.7080078125	69375.88074408207	22.77215576171875	2940.0219474389223	4
4336	469.8160095214844	69375.88074408207	22.77215576171875	2940.0219474389223	4
4337	469.92401123046875	69375.88074408207	22.77215576171875	2940.0219474389223	4
4338	470.0320129394531	69375.88074408207	22.77215576171875	2940.0219474389223	4
4339	470.1400146484375	69375.88074408207	22.77215576171875	2940.0219474389223	4
4340	470.24798583984375	69375.88074408207	22.77215576171875	2940.0219474389223	4
4341	470.3559875488281	69375.88074408207	22.77215576171875	2940.0219474389223	4
4342	470.4639892578125	69375.88074408207	22.77215576171875	2940.0219474389223	4
4343	470.5719909667969	69375.88074408207	22.77215576171875	2940.0219474389223	4
4344	470.67999267578125	69375.88074408207	22.77215576171875	2940.0219474389223	4
4345	470.7879943847656	69375.88074408207	22.77215576171875	2940.0219474389223	4
4346	470.89599609375	69375.88074408207	22.77215576171875	2940.0219474389223	4
4347	471.0039978027344	69375.88074408207	22.77215576171875	2940.0219474389223	4
4348	471.11199951171875	69375.88074408207	22.77215576171875	2940.0219474389223	4
4349	471.2200012207031	69375.88074408207	22.77215576171875	2940.0219474389223	4
4350	471.3280029296875	69375.88074408207	22.77215576171875	2940.0219474389223	4
4351	471.4360046386719	69375.88074408207	22.77215576171875	2940.0219474389223	4
4352	471.54400634765625	69375.88074408207	22.77215576171875	2940.0219474389223	4
4353	471.6520080566406	69375.88074408207	22.77215576171875	2940.0219474389223	4
4354	471.760009765625	69375.88074408207	22.77215576171875	2940.0219474389223	4
4355	471.8680114746094	69375.88074408207	22.77215576171875	2940.0219474389223	4
4357	472.0840148925781	69375.88074408207	22.77215576171875	2940.0219474389223	4
4358	472.1919860839844	69375.88074408207	22.77215576171875	2940.0219474389223	4
4359	472.29998779296875	69375.88074408207	22.77215576171875	2940.0219474389223	4
4360	472.4079895019531	69375.88074408207	22.77215576171875	2940.0219474389223	4
4361	472.5159912109375	69375.88074408207	22.77215576171875	2940.0219474389223	4
4362	472.6239929199219	69375.88074408207	22.77215576171875	2940.0219474389223	4
4363	472.73199462890625	69375.88074408207	22.77215576171875	2940.0219474389223	4
4364	472.8399963378906	69375.88074408207	22.77215576171875	2940.0219474389223	4
4365	472.947998046875	69375.88074408207	22.77215576171875	2940.0219474389223	4
4366	473.0559997558594	69375.88074408207	22.77215576171875	2940.0219474389223	4
4367	473.16400146484375	69375.88074408207	22.77215576171875	2940.0219474389223	4
4368	473.2720031738281	69375.88074408207	22.77215576171875	2940.0219474389223	4
4369	473.3800048828125	69375.88074408207	22.77215576171875	2940.0219474389223	4
4370	473.4880065917969	69375.88074408207	22.77215576171875	2940.0219474389223	4
4371	473.59600830078125	69375.88074408207	22.77215576171875	2940.0219474389223	4
4372	473.7040100097656	69375.88074408207	22.77215576171875	2940.0219474389223	4
4373	473.81201171875	69375.88074408207	22.77215576171875	2940.0219474389223	4
4374	473.9200134277344	69375.88074408207	22.77215576171875	2940.0219474389223	4
4375	474.02801513671875	69375.88074408207	22.77215576171875	2940.0219474389223	4
4376	474.135986328125	69375.88074408207	22.77215576171875	2940.0219474389223	4
4377	474.2439880371094	69375.88074408207	22.77215576171875	2940.0219474389223	4
4378	474.35198974609375	69375.88074408207	22.77215576171875	2940.0219474389223	4
4379	474.4599914550781	69375.88074408207	22.77215576171875	2940.0219474389223	4
4380	474.5679931640625	69375.88074408207	22.77215576171875	2940.0219474389223	4
4382	474.78399658203125	69375.88074408207	22.77215576171875	2940.0219474389223	4
4383	474.8919982910156	69375.88074408207	22.77215576171875	2940.0219474389223	4
4384	475.0	69375.88074408207	22.77215576171875	2940.0219474389223	4
4385	475.1080017089844	69375.88074408207	22.77215576171875	2940.0219474389223	4
4386	475.21600341796875	69375.88074408207	22.77215576171875	2940.0219474389223	4
4387	475.3240051269531	69375.88074408207	22.77215576171875	2940.0219474389223	4
4393	475.97198486328125	69375.88074408207	22.77215576171875	2940.0219474389223	4
4395	476.18798828125	69375.88074408207	22.77215576171875	2940.0219474389223	4
4396	476.2959899902344	69375.88074408207	22.77215576171875	2940.0219474389223	4
4398	476.5119934082031	69375.88074408207	22.77215576171875	2940.0219474389223	4
4399	476.6199951171875	69375.88074408207	22.77215576171875	2940.0219474389223	4
4400	476.7279968261719	69375.88074408207	22.77215576171875	2940.0219474389223	4
4401	476.83599853515625	69375.88074408207	22.77215576171875	2940.0219474389223	4
4402	476.9440002441406	69375.88074408207	22.77215576171875	2940.0219474389223	4
4403	477.052001953125	69375.88074408207	22.77215576171875	2940.0219474389223	4
4404	477.1600036621094	69375.88074408207	22.77215576171875	2940.0219474389223	4
4405	477.26800537109375	69375.88074408207	22.77215576171875	2940.0219474389223	4
4406	477.3760070800781	69375.88074408207	22.77215576171875	2940.0219474389223	4
4407	477.4840087890625	69375.88074408207	22.77215576171875	2940.0219474389223	4
4408	477.5920104980469	69375.88074408207	22.77215576171875	2940.0219474389223	4
4409	477.70001220703125	69375.88074408207	22.77215576171875	2940.0219474389223	4
4410	477.8080139160156	69375.88074408207	22.77215576171875	2940.0219474389223	4
4411	477.9159851074219	69375.88074408207	22.77215576171875	2940.0219474389223	4
4412	478.02398681640625	69375.88074408207	22.77215576171875	2940.0219474389223	4
4414	478.239990234375	69375.88074408207	22.77215576171875	2940.0219474389223	4
4415	478.3479919433594	69375.88074408207	22.77215576171875	2940.0219474389223	4
4416	478.45599365234375	69375.88074408207	22.77215576171875	2940.0219474389223	4
4417	478.5639953613281	69375.88074408207	22.77215576171875	2940.0219474389223	4
4418	478.6719970703125	69375.88074408207	22.77215576171875	2940.0219474389223	4
4419	478.7799987792969	69375.88074408207	22.77215576171875	2940.0219474389223	4
4420	478.88800048828125	69375.88074408207	22.77215576171875	2940.0219474389223	4
4421	478.9960021972656	69375.88074408207	22.77215576171875	2940.0219474389223	4
4423	479.2120056152344	69375.88074408207	22.77215576171875	2940.0219474389223	4
4425	479.4280090332031	69375.88074408207	22.77215576171875	2940.0219474389223	4
4426	479.5360107421875	69375.88074408207	22.77215576171875	2940.0219474389223	4
4428	479.75201416015625	69375.88074408207	22.77215576171875	2940.0219474389223	4
4430	479.9679870605469	69375.88074408207	22.77215576171875	2940.0219474389223	4
4431	480.07598876953125	69375.88074408207	22.77215576171875	2940.0219474389223	4
4432	480.1839904785156	69375.88074408207	22.77215576171875	2940.0219474389223	4
4433	480.2919921875	69375.88074408207	22.77215576171875	2940.0219474389223	4
4434	480.3999938964844	69375.88074408207	22.77215576171875	2940.0219474389223	4
4435	480.50799560546875	69375.88074408207	22.77215576171875	2940.0219474389223	4
4436	480.6159973144531	69375.88074408207	22.77215576171875	2940.0219474389223	4
4437	480.7239990234375	69375.88074408207	22.77215576171875	2940.0219474389223	4
4438	480.8320007324219	69375.88074408207	22.77215576171875	2940.0219474389223	4
4439	480.94000244140625	69375.88074408207	22.77215576171875	2940.0219474389223	4
4440	481.0480041503906	69375.88074408207	22.77215576171875	2940.0219474389223	4
4441	481.156005859375	69375.88074408207	22.77215576171875	2940.0219474389223	4
4444	481.4800109863281	69375.88074408207	22.77215576171875	2940.0219474389223	4
4445	481.5880126953125	69375.88074408207	22.77215576171875	2940.0219474389223	4
4446	481.6960144042969	69375.88074408207	22.77215576171875	2940.0219474389223	4
4448	481.9119873046875	69375.88074408207	22.77215576171875	2940.0219474389223	4
4449	482.0199890136719	69375.88074408207	22.77215576171875	2940.0219474389223	4
4450	482.12799072265625	69375.88074408207	22.77215576171875	2940.0219474389223	4
4452	482.343994140625	69375.88074408207	22.77215576171875	2940.0219474389223	4
4453	482.4519958496094	69375.88074408207	22.77215576171875	2940.0219474389223	4
4454	482.55999755859375	69375.88074408207	22.77215576171875	2940.0219474389223	4
4455	482.6679992675781	69375.88074408207	22.77215576171875	2940.0219474389223	4
4456	482.7760009765625	69375.88074408207	22.77215576171875	2940.0219474389223	4
4457	482.8840026855469	69375.88074408207	22.77215576171875	2940.0219474389223	4
4458	482.99200439453125	69375.88074408207	22.77215576171875	2940.0219474389223	4
4459	483.1000061035156	69375.88074408207	22.77215576171875	2940.0219474389223	4
4460	483.2080078125	69375.88074408207	22.77215576171875	2940.0219474389223	4
4462	483.42401123046875	69375.88074408207	22.77215576171875	2940.0219474389223	4
4463	483.5320129394531	69375.88074408207	22.77215576171875	2940.0219474389223	4
4464	483.6400146484375	69375.88074408207	22.77215576171875	2940.0219474389223	4
4465	483.74798583984375	69375.88074408207	22.77215576171875	2940.0219474389223	4
4466	483.8559875488281	69375.88074408207	22.77215576171875	2940.0219474389223	4
4467	483.9639892578125	69375.88074408207	22.77215576171875	2940.0219474389223	4
4468	484.0719909667969	69375.88074408207	22.77215576171875	2940.0219474389223	4
4469	484.17999267578125	69375.88074408207	22.77215576171875	2940.0219474389223	4
4470	484.2879943847656	69375.88074408207	22.77215576171875	2940.0219474389223	4
4471	484.39599609375	69375.88074408207	22.77215576171875	2940.0219474389223	4
4472	484.5039978027344	69375.88074408207	22.77215576171875	2940.0219474389223	4
4473	484.61199951171875	69375.88074408207	22.77215576171875	2940.0219474389223	4
4474	484.7200012207031	69375.88074408207	22.77215576171875	2940.0219474389223	4
4475	484.8280029296875	69375.88074408207	22.77215576171875	2940.0219474389223	4
4476	484.9360046386719	69375.88074408207	22.77215576171875	2940.0219474389223	4
4477	485.04400634765625	69375.88074408207	22.77215576171875	2940.0219474389223	4
4479	485.260009765625	69375.88074408207	22.77215576171875	2940.0219474389223	4
4480	485.3680114746094	69375.88074408207	22.77215576171875	2940.0219474389223	4
4481	485.47601318359375	69375.88074408207	22.77215576171875	2940.0219474389223	4
4483	485.6919860839844	69375.88074408207	22.77215576171875	2940.0219474389223	4
4484	485.79998779296875	69375.88074408207	22.77215576171875	2940.0219474389223	4
4485	485.9079895019531	69375.88074408207	22.77215576171875	2940.0219474389223	4
4486	486.0159912109375	69375.88074408207	22.77215576171875	2940.0219474389223	4
4488	486.23199462890625	69375.88074408207	22.77215576171875	2940.0219474389223	4
4489	486.3399963378906	69375.88074408207	22.77215576171875	2940.0219474389223	4
4490	486.447998046875	69375.88074408207	22.77215576171875	2940.0219474389223	4
4491	486.5559997558594	69375.88074408207	22.77215576171875	2940.0219474389223	4
4492	486.66400146484375	69375.88074408207	22.77215576171875	2940.0219474389223	4
4494	486.8800048828125	69375.88074408207	22.77215576171875	2940.0219474389223	4
4495	486.9880065917969	69375.88074408207	22.77215576171875	2940.0219474389223	4
4496	487.09600830078125	69375.88074408207	22.77215576171875	2940.0219474389223	4
4497	487.2040100097656	69375.88074408207	22.77215576171875	2940.0219474389223	4
4498	487.31201171875	69375.88074408207	22.77215576171875	2940.0219474389223	4
4499	487.4200134277344	69375.88074408207	22.77215576171875	2940.0219474389223	4
4500	487.52801513671875	69375.88074408207	22.77215576171875	2940.0219474389223	4
4501	487.635986328125	69375.88074408207	22.77215576171875	2940.0219474389223	4
4502	487.7439880371094	69375.88074408207	22.77215576171875	2940.0219474389223	4
4503	487.85198974609375	69375.88074408207	22.77215576171875	2940.0219474389223	4
4504	487.9599914550781	69375.88074408207	22.77215576171875	2940.0219474389223	4
4505	488.0679931640625	69375.88074408207	22.77215576171875	2940.0219474389223	4
4506	488.1759948730469	69375.88074408207	22.77215576171875	2940.0219474389223	4
4507	488.28399658203125	69375.88074408207	22.77215576171875	2940.0219474389223	4
4508	488.3919982910156	69375.88074408207	22.77215576171875	2940.0219474389223	4
4509	488.5	69375.88074408207	22.77215576171875	2940.0219474389223	4
4510	488.6080017089844	69375.88074408207	22.77215576171875	2940.0219474389223	4
4511	488.71600341796875	69375.88074408207	22.77215576171875	2940.0219474389223	4
4513	488.9320068359375	69375.88074408207	22.77215576171875	2940.0219474389223	4
4514	489.0400085449219	69375.88074408207	22.77215576171875	2940.0219474389223	4
4515	489.14801025390625	69375.88074408207	22.77215576171875	2940.0219474389223	4
4516	489.2560119628906	69375.88074408207	22.77215576171875	2940.0219474389223	4
4517	489.364013671875	69375.88074408207	22.77215576171875	2940.0219474389223	4
4518	489.47198486328125	69375.88074408207	22.77215576171875	2940.0219474389223	4
4519	489.5799865722656	69375.88074408207	22.77215576171875	2940.0219474389223	4
4520	489.68798828125	69375.88074408207	22.77215576171875	2940.0219474389223	4
4521	489.7959899902344	69375.88074408207	22.77215576171875	2940.0219474389223	4
4522	489.90399169921875	69375.88074408207	22.77215576171875	2940.0219474389223	4
4524	490.1199951171875	69375.88074408207	22.77215576171875	2940.0219474389223	4
4528	490.552001953125	69375.88074408207	22.77215576171875	2940.0219474389223	4
4529	490.6600036621094	69375.88074408207	22.77215576171875	2940.0219474389223	4
4530	490.76800537109375	69375.88074408207	22.77215576171875	2940.0219474389223	4
4535	491.3080139160156	69375.88074408207	22.77215576171875	2940.0219474389223	4
4536	491.4159851074219	69375.88074408207	22.77215576171875	2940.0219474389223	4
4538	491.6319885253906	69375.88074408207	22.77215576171875	2940.0219474389223	4
4539	491.739990234375	69375.88074408207	22.77215576171875	2940.0219474389223	4
4540	491.8479919433594	69375.88074408207	22.77215576171875	2940.0219474389223	4
4541	491.95599365234375	69375.88074408207	22.77215576171875	2940.0219474389223	4
4542	492.0639953613281	69375.88074408207	22.77215576171875	2940.0219474389223	4
4543	492.1719970703125	69375.88074408207	22.77215576171875	2940.0219474389223	4
4546	492.4960021972656	69375.88074408207	22.77215576171875	2940.0219474389223	4
4547	492.60400390625	69375.88074408207	22.77215576171875	2940.0219474389223	4
4548	492.7120056152344	69375.88074408207	22.77215576171875	2940.0219474389223	4
4549	492.82000732421875	69375.88074408207	22.77215576171875	2940.0219474389223	4
4550	492.9280090332031	69375.88074408207	22.77215576171875	2940.0219474389223	4
4551	493.0360107421875	69375.88074408207	22.77215576171875	2940.0219474389223	4
4552	493.1440124511719	69375.88074408207	22.77215576171875	2940.0219474389223	4
4553	493.25201416015625	69375.88074408207	22.77215576171875	2940.0219474389223	4
4554	493.3599853515625	69375.88074408207	22.77215576171875	2940.0219474389223	4
4555	493.4679870605469	69375.88074408207	22.77215576171875	2940.0219474389223	4
4556	493.57598876953125	69375.88074408207	22.77215576171875	2940.0219474389223	4
4557	493.6839904785156	69375.88074408207	22.77215576171875	2940.0219474389223	4
4558	493.7919921875	69375.88074408207	22.77215576171875	2940.0219474389223	4
4559	493.8999938964844	69375.88074408207	22.77215576171875	2940.0219474389223	4
4560	494.00799560546875	69375.88074408207	22.77215576171875	2940.0219474389223	4
4562	494.2239990234375	69375.88074408207	22.77215576171875	2940.0219474389223	4
4564	494.44000244140625	69375.88074408207	22.77215576171875	2940.0219474389223	4
4566	494.656005859375	69375.88074408207	22.77215576171875	2940.0219474389223	4
4567	494.7640075683594	69375.88074408207	22.77215576171875	2940.0219474389223	4
4568	494.87200927734375	69375.88074408207	22.77215576171875	2940.0219474389223	4
4569	494.9800109863281	69375.88074408207	22.77215576171875	2940.0219474389223	4
4570	495.0880126953125	69375.88074408207	22.77215576171875	2940.0219474389223	4
4571	495.1960144042969	69375.88074408207	22.77215576171875	2940.0219474389223	4
4572	495.3039855957031	69375.88074408207	22.77215576171875	2940.0219474389223	4
4573	495.4119873046875	69375.88074408207	22.77215576171875	2940.0219474389223	4
4575	495.62799072265625	69375.88074408207	22.77215576171875	2940.0219474389223	4
4576	495.7359924316406	69375.88074408207	22.77215576171875	2940.0219474389223	4
4580	496.1679992675781	69375.88074408207	22.77215576171875	2940.0219474389223	4
4581	496.2760009765625	69375.88074408207	22.77215576171875	2940.0219474389223	4
4583	496.49200439453125	69375.88074408207	22.77215576171875	2940.0219474389223	4
4585	496.7080078125	69375.88074408207	22.77215576171875	2940.0219474389223	4
4586	496.8160095214844	69375.88074408207	22.77215576171875	2940.0219474389223	4
4587	496.92401123046875	69375.88074408207	22.77215576171875	2940.0219474389223	4
4589	497.1400146484375	69375.88074408207	22.77215576171875	2940.0219474389223	4
4590	497.24798583984375	69375.88074408207	22.77215576171875	2940.0219474389223	4
4591	497.3559875488281	69375.88074408207	22.77215576171875	2940.0219474389223	4
4592	497.4639892578125	69375.88074408207	22.77215576171875	2940.0219474389223	4
4593	497.5719909667969	69375.88074408207	22.77215576171875	2940.0219474389223	4
4594	497.67999267578125	69375.88074408207	22.77215576171875	2940.0219474389223	4
4595	497.7879943847656	69375.88074408207	22.77215576171875	2940.0219474389223	4
4596	497.89599609375	69375.88074408207	22.77215576171875	2940.0219474389223	4
4597	498.0039978027344	69375.88074408207	22.77215576171875	2940.0219474389223	4
4598	498.11199951171875	69375.88074408207	22.77215576171875	2940.0219474389223	4
4599	498.2200012207031	69375.88074408207	22.77215576171875	2940.0219474389223	4
4600	498.3280029296875	69375.88074408207	22.77215576171875	2940.0219474389223	4
4601	498.4360046386719	69375.88074408207	22.77215576171875	2940.0219474389223	4
4602	498.54400634765625	69375.88074408207	22.77215576171875	2940.0219474389223	4
4603	498.6520080566406	69375.88074408207	22.77215576171875	2940.0219474389223	4
4604	498.760009765625	69375.88074408207	22.77215576171875	2940.0219474389223	4
4605	498.8680114746094	69375.88074408207	22.77215576171875	2940.0219474389223	4
4606	498.97601318359375	69375.88074408207	22.77215576171875	2940.0219474389223	4
4607	499.0840148925781	69375.88074408207	22.77215576171875	2940.0219474389223	4
4608	499.1919860839844	69375.88074408207	22.77215576171875	2940.0219474389223	4
4610	499.4079895019531	69375.88074408207	22.77215576171875	2940.0219474389223	4
4611	499.5159912109375	69375.88074408207	22.77215576171875	2940.0219474389223	4
4612	499.6239929199219	69375.88074408207	22.77215576171875	2940.0219474389223	4
4613	499.73199462890625	69375.88074408207	22.77215576171875	2940.0219474389223	4
4614	499.8399963378906	69375.88074408207	22.77215576171875	2940.0219474389223	4
4615	499.947998046875	69375.88074408207	22.77215576171875	2940.0219474389223	4
4616	500.0559997558594	69375.88074408207	22.77215576171875	2940.0219474389223	4
4617	500.16400146484375	69375.88074408207	22.77215576171875	2940.0219474389223	4
4618	500.2720031738281	69375.88074408207	22.77215576171875	2940.0219474389223	4
4619	500.3800048828125	69375.88074408207	22.77215576171875	2940.0219474389223	4
4620	500.4880065917969	69375.88074408207	22.77215576171875	2940.0219474389223	4
4621	500.59600830078125	69375.88074408207	22.77215576171875	2940.0219474389223	4
4622	500.7040100097656	69375.88074408207	22.77215576171875	2940.0219474389223	4
4623	500.81201171875	69375.88074408207	22.77215576171875	2940.0219474389223	4
4624	500.9200134277344	69375.88074408207	22.77215576171875	2940.0219474389223	4
4626	501.135986328125	69375.88074408207	22.77215576171875	2940.0219474389223	4
4627	501.2439880371094	69375.88074408207	22.77215576171875	2940.0219474389223	4
4628	501.35198974609375	69375.88074408207	22.77215576171875	2940.0219474389223	4
4629	501.4599914550781	69375.88074408207	22.77215576171875	2940.0219474389223	4
4630	501.5679931640625	69375.88074408207	22.77215576171875	2940.0219474389223	4
4631	501.6759948730469	69375.88074408207	22.77215576171875	2940.0219474389223	4
4632	501.78399658203125	69375.88074408207	22.77215576171875	2940.0219474389223	4
4633	501.8919982910156	69375.88074408207	22.77215576171875	2940.0219474389223	4
4635	502.1080017089844	69375.88074408207	22.77215576171875	2940.0219474389223	4
4636	502.21600341796875	69375.88074408207	22.77215576171875	2940.0219474389223	4
4637	502.3240051269531	69375.88074408207	22.77215576171875	2940.0219474389223	4
4639	502.5400085449219	69375.88074408207	22.77215576171875	2940.0219474389223	4
4640	502.64801025390625	69375.88074408207	22.77215576171875	2940.0219474389223	4
4641	502.7560119628906	69375.88074408207	22.77215576171875	2940.0219474389223	4
4643	502.97198486328125	69375.88074408207	22.77215576171875	2940.0219474389223	4
4644	503.0799865722656	69375.88074408207	22.77215576171875	2940.0219474389223	4
4645	503.18798828125	69375.88074408207	22.77215576171875	2940.0219474389223	4
4646	503.2959899902344	69375.88074408207	22.77215576171875	2940.0219474389223	4
4647	503.40399169921875	69375.88074408207	22.77215576171875	2940.0219474389223	4
4648	503.5119934082031	69375.88074408207	22.77215576171875	2940.0219474389223	4
4649	503.6199951171875	69375.88074408207	22.77215576171875	2940.0219474389223	4
4650	503.7279968261719	69375.88074408207	22.77215576171875	2940.0219474389223	4
4651	503.83599853515625	69375.88074408207	22.77215576171875	2940.0219474389223	4
4652	503.9440002441406	69375.88074408207	22.77215576171875	2940.0219474389223	4
4653	504.052001953125	69375.88074408207	22.77215576171875	2940.0219474389223	4
4654	504.1600036621094	69375.88074408207	22.77215576171875	2940.0219474389223	4
4655	504.26800537109375	69375.88074408207	22.77215576171875	2940.0219474389223	4
4656	504.3760070800781	69375.88074408207	22.77215576171875	2940.0219474389223	4
4657	504.4840087890625	69375.88074408207	22.77215576171875	2940.0219474389223	4
4658	504.5920104980469	69375.88074408207	22.77215576171875	2940.0219474389223	4
4659	504.70001220703125	69375.88074408207	22.77215576171875	2940.0219474389223	4
4660	504.8080139160156	69375.88074408207	22.77215576171875	2940.0219474389223	4
4661	504.9159851074219	69375.88074408207	22.77215576171875	2940.0219474389223	4
4662	505.02398681640625	69375.88074408207	22.77215576171875	2940.0219474389223	4
4664	505.239990234375	69375.88074408207	22.77215576171875	2940.0219474389223	4
4665	505.3479919433594	69375.88074408207	22.77215576171875	2940.0219474389223	4
4666	505.45599365234375	69375.88074408207	22.77215576171875	2940.0219474389223	4
4667	505.5639953613281	69375.88074408207	22.77215576171875	2940.0219474389223	4
4668	505.6719970703125	69375.88074408207	22.77215576171875	2940.0219474389223	4
4669	505.7799987792969	69375.88074408207	22.77215576171875	2940.0219474389223	4
4670	505.88800048828125	69375.88074408207	22.77215576171875	2940.0219474389223	4
4671	505.9960021972656	69375.88074408207	22.77215576171875	2940.0219474389223	4
4672	506.10400390625	69375.88074408207	22.77215576171875	2940.0219474389223	4
4673	506.2120056152344	69375.88074408207	22.77215576171875	2940.0219474389223	4
4674	506.32000732421875	69375.88074408207	22.77215576171875	2940.0219474389223	4
4676	506.5360107421875	69375.88074408207	22.77215576171875	2940.0219474389223	4
4677	506.6440124511719	69375.88074408207	22.77215576171875	2940.0219474389223	4
4678	506.75201416015625	69375.88074408207	22.77215576171875	2940.0219474389223	4
4679	506.8599853515625	69375.88074408207	22.77215576171875	2940.0219474389223	4
4680	506.9679870605469	69375.88074408207	22.77215576171875	2940.0219474389223	4
4681	507.07598876953125	69375.88074408207	22.77215576171875	2940.0219474389223	4
4682	507.1839904785156	69375.88074408207	22.77215576171875	2940.0219474389223	4
4683	507.2919921875	69375.88074408207	22.77215576171875	2940.0219474389223	4
4684	507.3999938964844	69375.88074408207	22.77215576171875	2940.0219474389223	4
4685	507.50799560546875	69375.88074408207	22.77215576171875	2940.0219474389223	4
4686	507.6159973144531	69375.88074408207	22.77215576171875	2940.0219474389223	4
4687	507.7239990234375	69375.88074408207	22.77215576171875	2940.0219474389223	4
4688	507.8320007324219	69375.88074408207	22.77215576171875	2940.0219474389223	4
4689	507.94000244140625	69375.88074408207	22.77215576171875	2940.0219474389223	4
4690	508.0480041503906	69375.88074408207	22.77215576171875	2940.0219474389223	4
4691	508.156005859375	69375.88074408207	22.77215576171875	2940.0219474389223	4
4693	508.37200927734375	69375.88074408207	22.77215576171875	2940.0219474389223	4
4694	508.4800109863281	69375.88074408207	22.77215576171875	2940.0219474389223	4
4700	509.12799072265625	69375.88074408207	22.77215576171875	2940.0219474389223	4
4701	509.2359924316406	69375.88074408207	22.77215576171875	2940.0219474389223	4
4702	509.343994140625	69375.88074408207	22.77215576171875	2940.0219474389223	4
4703	509.4519958496094	69375.88074408207	22.77215576171875	2940.0219474389223	4
4704	509.55999755859375	69375.88074408207	22.77215576171875	2940.0219474389223	4
4705	509.6679992675781	69375.88074408207	22.77215576171875	2940.0219474389223	4
4706	509.7760009765625	69375.88074408207	22.77215576171875	2940.0219474389223	4
4707	509.8840026855469	69375.88074408207	22.77215576171875	2940.0219474389223	4
4708	509.99200439453125	69375.88074408207	22.77215576171875	2940.0219474389223	4
4709	510.1000061035156	69375.88074408207	22.77215576171875	2940.0219474389223	4
4710	510.2080078125	69375.88074408207	22.77215576171875	2940.0219474389223	4
4711	510.3160095214844	69375.88074408207	22.77215576171875	2940.0219474389223	4
4712	510.42401123046875	69375.88074408207	22.77215576171875	2940.0219474389223	4
4713	510.5320129394531	69375.88074408207	22.77215576171875	2940.0219474389223	4
4714	510.6400146484375	69375.88074408207	22.77215576171875	2940.0219474389223	4
4715	510.74798583984375	69375.88074408207	22.77215576171875	2940.0219474389223	4
4716	510.8559875488281	69375.88074408207	22.77215576171875	2940.0219474389223	4
4718	511.0719909667969	69375.88074408207	22.77215576171875	2940.0219474389223	4
4719	511.17999267578125	69375.88074408207	22.77215576171875	2940.0219474389223	4
4720	511.2879943847656	69375.88074408207	22.77215576171875	2940.0219474389223	4
4721	511.39599609375	69375.88074408207	22.77215576171875	2940.0219474389223	4
4723	511.61199951171875	69375.88074408207	22.77215576171875	2940.0219474389223	4
4724	511.7200012207031	69375.88074408207	22.77215576171875	2940.0219474389223	4
4725	511.8280029296875	69375.88074408207	22.77215576171875	2940.0219474389223	4
4726	511.9360046386719	69375.88074408207	22.77215576171875	2940.0219474389223	4
4727	512.0440063476562	69375.88074408207	22.77215576171875	2940.0219474389223	4
4728	512.1519775390625	69375.88074408207	22.77215576171875	2940.0219474389223	4
4729	512.260009765625	69375.88074408207	22.77215576171875	2940.0219474389223	4
4730	512.3679809570312	69375.88074408207	22.77215576171875	2940.0219474389223	4
4731	512.4760131835938	69375.88074408207	22.77215576171875	2940.0219474389223	4
4732	512.583984375	69375.88074408207	22.77215576171875	2940.0219474389223	4
4733	512.6920166015625	69375.88074408207	22.77215576171875	2940.0219474389223	4
4734	512.7999877929688	69375.88074408207	22.77215576171875	2940.0219474389223	4
4735	512.9080200195312	69375.88074408207	22.77215576171875	2940.0219474389223	4
4736	513.0159912109375	69375.88074408207	22.77215576171875	2940.0219474389223	4
4737	513.1240234375	69375.88074408207	22.77215576171875	2940.0219474389223	4
4738	513.2319946289062	69375.88074408207	22.77215576171875	2940.0219474389223	4
4739	513.3400268554688	69375.88074408207	22.77215576171875	2940.0219474389223	4
4740	513.447998046875	69375.88074408207	22.77215576171875	2940.0219474389223	4
4741	513.5560302734375	69375.88074408207	22.77215576171875	2940.0219474389223	4
4742	513.6640014648438	69375.88074408207	22.77215576171875	2940.0219474389223	4
4743	513.77197265625	69375.88074408207	22.77215576171875	2940.0219474389223	4
4744	513.8800048828125	69375.88074408207	22.77215576171875	2940.0219474389223	4
4745	513.9879760742188	69375.88074408207	22.77215576171875	2940.0219474389223	4
4746	514.0960083007812	69375.88074408207	22.77215576171875	2940.0219474389223	4
4747	514.2039794921875	69375.88074408207	22.77215576171875	2940.0219474389223	4
4748	514.31201171875	69375.88074408207	22.77215576171875	2940.0219474389223	4
4749	514.4199829101562	69375.88074408207	22.77215576171875	2940.0219474389223	4
4750	514.5280151367188	69375.88074408207	22.77215576171875	2940.0219474389223	4
4751	514.635986328125	69375.88074408207	22.77215576171875	2940.0219474389223	4
4752	514.7440185546875	69375.88074408207	22.77215576171875	2940.0219474389223	4
4753	514.8519897460938	69375.88074408207	22.77215576171875	2940.0219474389223	4
4754	514.9600219726562	69375.88074408207	22.77215576171875	2940.0219474389223	4
4755	515.0679931640625	69375.88074408207	22.77215576171875	2940.0219474389223	4
4756	515.176025390625	69375.88074408207	22.77215576171875	2940.0219474389223	4
4757	515.2839965820312	69375.88074408207	22.77215576171875	2940.0219474389223	4
4758	515.3920288085938	69375.88074408207	22.77215576171875	2940.0219474389223	4
4759	515.5	69375.88074408207	22.77215576171875	2940.0219474389223	4
4760	515.6079711914062	69375.88074408207	22.77215576171875	2940.0219474389223	4
4761	515.7160034179688	69375.88074408207	22.77215576171875	2940.0219474389223	4
4762	515.823974609375	69375.88074408207	22.77215576171875	2940.0219474389223	4
4763	515.9320068359375	69375.88074408207	22.77215576171875	2940.0219474389223	4
4764	516.0399780273438	69375.88074408207	22.77215576171875	2940.0219474389223	4
4765	516.1480102539062	69375.88074408207	22.77215576171875	2940.0219474389223	4
4766	516.2559814453125	69375.88074408207	22.77215576171875	2940.0219474389223	4
4767	516.364013671875	69375.88074408207	22.77215576171875	2940.0219474389223	4
4768	516.4719848632812	69375.88074408207	22.77215576171875	2940.0219474389223	4
4769	516.5800170898438	69375.88074408207	22.77215576171875	2940.0219474389223	4
4770	516.68798828125	69375.88074408207	22.77215576171875	2940.0219474389223	4
4771	516.7960205078125	69375.88074408207	22.77215576171875	2940.0219474389223	4
4772	516.9039916992188	69375.88074408207	22.77215576171875	2940.0219474389223	4
4773	517.0120239257812	69375.88074408207	22.77215576171875	2940.0219474389223	4
4774	517.1199951171875	69375.88074408207	22.77215576171875	2940.0219474389223	4
4775	517.22802734375	69375.88074408207	22.77215576171875	2940.0219474389223	4
4776	517.3359985351562	69375.88074408207	22.77215576171875	2940.0219474389223	4
4777	517.4439697265625	69375.88074408207	22.77215576171875	2940.0219474389223	4
4778	517.552001953125	69375.88074408207	22.77215576171875	2940.0219474389223	4
4779	517.6599731445312	69375.88074408207	22.77215576171875	2940.0219474389223	4
4780	517.7680053710938	69375.88074408207	22.77215576171875	2940.0219474389223	4
4781	517.8759765625	69375.88074408207	22.77215576171875	2940.0219474389223	4
4782	517.9840087890625	69375.88074408207	22.77215576171875	2940.0219474389223	4
4783	518.0919799804688	69375.88074408207	22.77215576171875	2940.0219474389223	4
4784	518.2000122070312	69375.88074408207	22.77215576171875	2940.0219474389223	4
4785	518.3079833984375	69375.88074408207	22.77215576171875	2940.0219474389223	4
4786	518.416015625	69375.88074408207	22.77215576171875	2940.0219474389223	4
4787	518.5239868164062	69375.88074408207	22.77215576171875	2940.0219474389223	4
4789	518.739990234375	69375.88074408207	22.77215576171875	2940.0219474389223	4
4790	518.8480224609375	69375.88074408207	22.77215576171875	2940.0219474389223	4
4791	518.9559936523438	69375.88074408207	22.77215576171875	2940.0219474389223	4
4792	519.0640258789062	69375.88074408207	22.77215576171875	2940.0219474389223	4
4793	519.1719970703125	69375.88074408207	22.77215576171875	2940.0219474389223	4
4794	519.280029296875	69375.88074408207	22.77215576171875	2940.0219474389223	4
4795	519.3880004882812	69375.88074408207	22.77215576171875	2940.0219474389223	4
4796	519.4959716796875	69375.88074408207	22.77215576171875	2940.0219474389223	4
4797	519.60400390625	69375.88074408207	22.77215576171875	2940.0219474389223	4
4798	519.7119750976562	69375.88074408207	22.77215576171875	2940.0219474389223	4
4799	519.8200073242188	69375.88074408207	22.77215576171875	2940.0219474389223	4
4800	519.927978515625	69375.88074408207	22.77215576171875	2940.0219474389223	4
4801	520.0360107421875	69375.88074408207	22.77215576171875	2940.0219474389223	4
4802	520.1439819335938	69375.88074408207	22.77215576171875	2940.0219474389223	4
4803	520.2520141601562	69375.88074408207	22.77215576171875	2940.0219474389223	4
4804	520.3599853515625	69375.88074408207	22.77215576171875	2940.0219474389223	4
4805	520.468017578125	69375.88074408207	22.77215576171875	2940.0219474389223	4
4808	520.7919921875	69375.88074408207	22.77215576171875	2940.0219474389223	4
4812	521.2239990234375	69375.88074408207	22.77215576171875	2940.0219474389223	4
4816	521.656005859375	69375.88074408207	22.77215576171875	2940.0219474389223	4
4817	521.7639770507812	69375.88074408207	22.77215576171875	2940.0219474389223	4
4818	521.8720092773438	69375.88074408207	22.77215576171875	2940.0219474389223	4
4819	521.97998046875	69375.88074408207	22.77215576171875	2940.0219474389223	4
4821	522.1959838867188	69375.88074408207	22.77215576171875	2940.0219474389223	4
4822	522.3040161132812	69375.88074408207	22.77215576171875	2940.0219474389223	4
4823	522.4119873046875	69375.88074408207	22.77215576171875	2940.0219474389223	4
4824	522.52001953125	69375.88074408207	22.77215576171875	2940.0219474389223	4
4826	522.7360229492188	69375.88074408207	22.77215576171875	2940.0219474389223	4
4827	522.843994140625	69375.88074408207	22.77215576171875	2940.0219474389223	4
4828	522.9520263671875	69375.88074408207	22.77215576171875	2940.0219474389223	4
4829	523.0599975585938	69375.88074408207	22.77215576171875	2940.0219474389223	4
4830	523.1680297851562	69375.88074408207	22.77215576171875	2940.0219474389223	4
4831	523.2760009765625	69375.88074408207	22.77215576171875	2940.0219474389223	4
4832	523.3839721679688	69375.88074408207	22.77215576171875	2940.0219474389223	4
4833	523.4920043945312	69375.88074408207	22.77215576171875	2940.0219474389223	4
4834	523.5999755859375	69375.88074408207	22.77215576171875	2940.0219474389223	4
4835	523.7080078125	69375.88074408207	22.77215576171875	2940.0219474389223	4
4836	523.8159790039062	69375.88074408207	22.77215576171875	2940.0219474389223	4
4837	523.9240112304688	69375.88074408207	22.77215576171875	2940.0219474389223	4
4838	524.031982421875	69375.88074408207	22.77215576171875	2940.0219474389223	4
4839	524.1400146484375	69375.88074408207	22.77215576171875	2940.0219474389223	4
4840	524.2479858398438	69375.88074408207	22.77215576171875	2940.0219474389223	4
4843	524.572021484375	69375.88074408207	22.77215576171875	2940.0219474389223	4
4844	524.6799926757812	69375.88074408207	22.77215576171875	2940.0219474389223	4
4845	524.7880249023438	69375.88074408207	22.77215576171875	2940.0219474389223	4
4846	524.89599609375	69375.88074408207	22.77215576171875	2940.0219474389223	4
4847	525.0040283203125	69375.88074408207	22.77215576171875	2940.0219474389223	4
4848	525.1119995117188	69375.88074408207	22.77215576171875	2940.0219474389223	4
4849	525.219970703125	69375.88074408207	22.77215576171875	2940.0219474389223	4
4850	525.3280029296875	69375.88074408207	22.77215576171875	2940.0219474389223	4
4851	525.4359741210938	69375.88074408207	22.77215576171875	2940.0219474389223	4
4852	525.5440063476562	69375.88074408207	22.77215576171875	2940.0219474389223	4
4853	525.6519775390625	69375.88074408207	22.77215576171875	2940.0219474389223	4
4854	525.760009765625	69375.88074408207	22.77215576171875	2940.0219474389223	4
4855	525.8679809570312	69375.88074408207	22.77215576171875	2940.0219474389223	4
4856	525.9760131835938	69375.88074408207	22.77215576171875	2940.0219474389223	4
4857	526.083984375	69375.88074408207	22.77215576171875	2940.0219474389223	4
4858	526.1920166015625	69375.88074408207	22.77215576171875	2940.0219474389223	4
4859	526.2999877929688	69375.88074408207	22.77215576171875	2940.0219474389223	4
4860	526.4080200195312	69375.88074408207	22.77215576171875	2940.0219474389223	4
4861	526.5159912109375	69375.88074408207	22.77215576171875	2940.0219474389223	4
4862	526.6240234375	69375.88074408207	22.77215576171875	2940.0219474389223	4
4863	526.7319946289062	69375.88074408207	22.77215576171875	2940.0219474389223	4
4864	526.8400268554688	69375.88074408207	22.77215576171875	2940.0219474389223	4
4865	526.947998046875	69375.88074408207	22.77215576171875	2940.0219474389223	4
4866	527.0560302734375	69375.88074408207	22.77215576171875	2940.0219474389223	4
4867	527.1640014648438	69375.88074408207	22.77215576171875	2940.0219474389223	4
4868	527.27197265625	69375.88074408207	22.77215576171875	2940.0219474389223	4
4869	527.3800048828125	69375.88074408207	22.77215576171875	2940.0219474389223	4
4871	527.5960083007812	69375.88074408207	22.77215576171875	2940.0219474389223	4
4872	527.7039794921875	69375.88074408207	22.77215576171875	2940.0219474389223	4
4873	527.81201171875	69375.88074408207	22.77215576171875	2940.0219474389223	4
4874	527.9199829101562	69375.88074408207	22.77215576171875	2940.0219474389223	4
4876	528.135986328125	69375.88074408207	22.77215576171875	2940.0219474389223	4
4880	528.5679931640625	69375.88074408207	22.77215576171875	2940.0219474389223	4
4882	528.7839965820312	69375.88074408207	22.77215576171875	2940.0219474389223	4
4883	528.8920288085938	69375.88074408207	22.77215576171875	2940.0219474389223	4
4884	529.0	69375.88074408207	22.77215576171875	2940.0219474389223	4
4889	529.5399780273438	69375.88074408207	22.77215576171875	2940.0219474389223	4
4890	529.6480102539062	69375.88074408207	22.77215576171875	2940.0219474389223	4
4893	529.9719848632812	69375.88074408207	22.77215576171875	2940.0219474389223	4
4894	530.0800170898438	69375.88074408207	22.77215576171875	2940.0219474389223	4
4895	530.18798828125	69375.88074408207	22.77215576171875	2940.0219474389223	4
4896	530.2960205078125	69375.88074408207	22.77215576171875	2940.0219474389223	4
4897	530.4039916992188	69375.88074408207	22.77215576171875	2940.0219474389223	4
4898	530.5120239257812	69375.88074408207	22.77215576171875	2940.0219474389223	4
4899	530.6199951171875	69375.88074408207	22.77215576171875	2940.0219474389223	4
4900	530.72802734375	69375.88074408207	22.77215576171875	2940.0219474389223	4
4901	530.8359985351562	69375.88074408207	22.77215576171875	2940.0219474389223	4
4902	530.9439697265625	69375.88074408207	22.77215576171875	2940.0219474389223	4
4903	531.052001953125	69375.88074408207	22.77215576171875	2940.0219474389223	4
4904	531.1599731445312	69375.88074408207	22.77215576171875	2940.0219474389223	4
4905	531.2680053710938	69375.88074408207	22.77215576171875	2940.0219474389223	4
4906	531.3759765625	69375.88074408207	22.77215576171875	2940.0219474389223	4
4907	531.4840087890625	69375.88074408207	22.77215576171875	2940.0219474389223	4
4908	531.5919799804688	69375.88074408207	22.77215576171875	2940.0219474389223	4
4913	532.1320190429688	69375.88074408207	22.77215576171875	2940.0219474389223	4
4914	532.239990234375	69375.88074408207	22.77215576171875	2940.0219474389223	4
4915	532.3480224609375	69375.88074408207	22.77215576171875	2940.0219474389223	4
4916	532.4559936523438	69375.88074408207	22.77215576171875	2940.0219474389223	4
4917	532.5640258789062	69375.88074408207	22.77215576171875	2940.0219474389223	4
4918	532.6719970703125	69375.88074408207	22.77215576171875	2940.0219474389223	4
4919	532.780029296875	69375.88074408207	22.77215576171875	2940.0219474389223	4
4920	532.8880004882812	69375.88074408207	22.77215576171875	2940.0219474389223	4
4922	533.10400390625	69375.88074408207	22.77215576171875	2940.0219474389223	4
4923	533.2119750976562	69375.88074408207	22.77215576171875	2940.0219474389223	4
4924	533.3200073242188	69375.88074408207	22.77215576171875	2940.0219474389223	4
4925	533.427978515625	69375.88074408207	22.77215576171875	2940.0219474389223	4
4926	533.5360107421875	69375.88074408207	22.77215576171875	2940.0219474389223	4
4927	533.6439819335938	69375.88074408207	22.77215576171875	2940.0219474389223	4
4928	533.7520141601562	69375.88074408207	22.77215576171875	2940.0219474389223	4
4930	533.968017578125	69375.88074408207	22.77215576171875	2940.0219474389223	4
4931	534.0759887695312	69375.88074408207	22.77215576171875	2940.0219474389223	4
4932	534.1840209960938	69375.88074408207	22.77215576171875	2940.0219474389223	4
4933	534.2919921875	69375.88074408207	22.77215576171875	2940.0219474389223	4
4934	534.4000244140625	69375.88074408207	22.77215576171875	2940.0219474389223	4
4935	534.5079956054688	69375.88074408207	22.77215576171875	2940.0219474389223	4
4936	534.6160278320312	69375.88074408207	22.77215576171875	2940.0219474389223	4
4937	534.7239990234375	69375.88074408207	22.77215576171875	2940.0219474389223	4
4939	534.9400024414062	69375.88074408207	22.77215576171875	2940.0219474389223	4
4940	535.0479736328125	69375.88074408207	22.77215576171875	2940.0219474389223	4
4941	535.156005859375	69375.88074408207	22.77215576171875	2940.0219474389223	4
4942	535.2639770507812	69375.88074408207	22.77215576171875	2940.0219474389223	4
4943	535.3720092773438	69375.88074408207	22.77215576171875	2940.0219474389223	4
4945	535.5880126953125	69375.88074408207	22.77215576171875	2940.0219474389223	4
4946	535.6959838867188	69375.88074408207	22.77215576171875	2940.0219474389223	4
4947	535.8040161132812	69375.88074408207	22.77215576171875	2940.0219474389223	4
4948	535.9119873046875	69375.88074408207	22.77215576171875	2940.0219474389223	4
4949	536.02001953125	69375.88074408207	22.77215576171875	2940.0219474389223	4
4950	536.1279907226562	69375.88074408207	22.77215576171875	2940.0219474389223	4
4951	536.2360229492188	69375.88074408207	22.77215576171875	2940.0219474389223	4
4952	536.343994140625	69375.88074408207	22.77215576171875	2940.0219474389223	4
4955	536.6680297851562	69375.88074408207	22.77215576171875	2940.0219474389223	4
4956	536.7760009765625	69375.88074408207	22.77215576171875	2940.0219474389223	4
4957	536.8839721679688	69375.88074408207	22.77215576171875	2940.0219474389223	4
4958	536.9920043945312	69375.88074408207	22.77215576171875	2940.0219474389223	4
4960	537.2080078125	69375.88074408207	22.77215576171875	2940.0219474389223	4
4962	537.4240112304688	69375.88074408207	22.77215576171875	2940.0219474389223	4
4963	537.531982421875	69375.88074408207	22.77215576171875	2940.0219474389223	4
4965	537.7479858398438	69375.88074408207	22.77215576171875	2940.0219474389223	4
4966	537.8560180664062	69375.88074408207	22.77215576171875	2940.0219474389223	4
4967	537.9639892578125	69375.88074408207	22.77215576171875	2940.0219474389223	4
4973	538.6119995117188	69375.88074408207	22.77215576171875	2940.0219474389223	4
4974	538.719970703125	69375.88074408207	22.77215576171875	2940.0219474389223	4
4975	538.8280029296875	69375.88074408207	22.77215576171875	2940.0219474389223	4
4976	538.9359741210938	69375.88074408207	22.77215576171875	2940.0219474389223	4
4977	539.0440063476562	69375.88074408207	22.77215576171875	2940.0219474389223	4
4978	539.1519775390625	69375.88074408207	22.77215576171875	2940.0219474389223	4
4979	539.260009765625	69375.88074408207	22.77215576171875	2940.0219474389223	4
4981	539.4760131835938	69375.88074408207	22.77215576171875	2940.0219474389223	4
4982	539.583984375	69375.88074408207	22.77215576171875	2940.0219474389223	4
4983	539.6920166015625	69375.88074408207	22.77215576171875	2940.0219474389223	4
4984	539.7999877929688	69375.88074408207	22.77215576171875	2940.0219474389223	4
4985	539.9080200195312	69375.88074408207	22.77215576171875	2940.0219474389223	4
4988	540.2319946289062	69375.88074408207	22.77215576171875	2940.0219474389223	4
4989	540.3400268554688	69375.88074408207	22.77215576171875	2940.0219474389223	4
4990	540.447998046875	69375.88074408207	22.77215576171875	2940.0219474389223	4
4992	540.6640014648438	69375.88074408207	22.77215576171875	2940.0219474389223	4
4994	540.8800048828125	69375.88074408207	22.77215576171875	2940.0219474389223	4
4995	540.9879760742188	69375.88074408207	22.77215576171875	2940.0219474389223	4
4996	541.0960083007812	69375.88074408207	22.77215576171875	2940.0219474389223	4
4997	541.2039794921875	69375.88074408207	22.77215576171875	2940.0219474389223	4
4998	541.31201171875	69375.88074408207	22.77215576171875	2940.0219474389223	4
4999	541.4199829101562	69375.88074408207	22.77215576171875	2940.0219474389223	4
5000	541.5280151367188	69375.88074408207	22.77215576171875	2940.0219474389223	4
5001	541.635986328125	69375.88074408207	22.77215576171875	2940.0219474389223	4
5002	541.7440185546875	69375.88074408207	22.77215576171875	2940.0219474389223	4
5003	541.8519897460938	69375.88074408207	22.77215576171875	2940.0219474389223	4
5004	541.9600219726562	69375.88074408207	22.77215576171875	2940.0219474389223	4
5005	542.0679931640625	69375.88074408207	22.77215576171875	2940.0219474389223	4
5006	542.176025390625	69375.88074408207	22.77215576171875	2940.0219474389223	4
5007	542.2839965820312	69375.88074408207	22.77215576171875	2940.0219474389223	4
5008	542.3920288085938	69375.88074408207	22.77215576171875	2940.0219474389223	4
5009	542.5	69375.88074408207	22.77215576171875	2940.0219474389223	4
5010	542.6079711914062	69375.88074408207	22.77215576171875	2940.0219474389223	4
5011	542.7160034179688	69375.88074408207	22.77215576171875	2940.0219474389223	4
5012	542.823974609375	69375.88074408207	22.77215576171875	2940.0219474389223	4
5013	542.9320068359375	69375.88074408207	22.77215576171875	2940.0219474389223	4
5014	543.0399780273438	69375.88074408207	22.77215576171875	2940.0219474389223	4
5015	543.1480102539062	69375.88074408207	22.77215576171875	2940.0219474389223	4
5016	543.2559814453125	69375.88074408207	22.77215576171875	2940.0219474389223	4
5017	543.364013671875	69375.88074408207	22.77215576171875	2940.0219474389223	4
5018	543.4719848632812	69375.88074408207	22.77215576171875	2940.0219474389223	4
5019	543.5800170898438	69375.88074408207	22.77215576171875	2940.0219474389223	4
5020	543.68798828125	69375.88074408207	22.77215576171875	2940.0219474389223	4
5021	543.7960205078125	69375.88074408207	22.77215576171875	2940.0219474389223	4
5022	543.9039916992188	69375.88074408207	22.77215576171875	2940.0219474389223	4
5023	544.0120239257812	69375.88074408207	22.77215576171875	2940.0219474389223	4
5024	544.1199951171875	69375.88074408207	22.77215576171875	2940.0219474389223	4
5025	544.22802734375	69375.88074408207	22.77215576171875	2940.0219474389223	4
5027	544.4439697265625	69375.88074408207	22.77215576171875	2940.0219474389223	4
5028	544.552001953125	69375.88074408207	22.77215576171875	2940.0219474389223	4
5029	544.6599731445312	69375.88074408207	22.77215576171875	2940.0219474389223	4
5033	545.0919799804688	69375.88074408207	22.77215576171875	2940.0219474389223	4
5036	545.416015625	69375.88074408207	22.77215576171875	2940.0219474389223	4
5037	545.5239868164062	69375.88074408207	22.77215576171875	2940.0219474389223	4
5040	545.8480224609375	69375.88074408207	22.77215576171875	2940.0219474389223	4
5042	546.0640258789062	69375.88074408207	22.77215576171875	2940.0219474389223	4
5043	546.1719970703125	69375.88074408207	22.77215576171875	2940.0219474389223	4
5044	546.280029296875	69375.88074408207	22.77215576171875	2940.0219474389223	4
5047	546.60400390625	69375.88074408207	22.77215576171875	2940.0219474389223	4
5049	546.8200073242188	69375.88074408207	22.77215576171875	2940.0219474389223	4
5051	547.0360107421875	69375.88074408207	22.77215576171875	2940.0219474389223	4
5053	547.2520141601562	69375.88074408207	22.77215576171875	2940.0219474389223	4
5054	547.3599853515625	69375.88074408207	22.77215576171875	2940.0219474389223	4
5055	547.468017578125	69375.88074408207	22.77215576171875	2940.0219474389223	4
5058	547.7919921875	69375.88074408207	22.77215576171875	2940.0219474389223	4
5059	547.9000244140625	69375.88074408207	22.77215576171875	2940.0219474389223	4
5060	548.0079956054688	69375.88074408207	22.77215576171875	2940.0219474389223	4
5063	548.3319702148438	69375.88074408207	22.77215576171875	2940.0219474389223	4
5065	548.5479736328125	69375.88074408207	22.77215576171875	2940.0219474389223	4
5067	548.7639770507812	69375.88074408207	22.77215576171875	2940.0219474389223	4
5068	548.8720092773438	69375.88074408207	22.77215576171875	2940.0219474389223	4
5069	548.97998046875	69375.88074408207	22.77215576171875	2940.0219474389223	4
5070	549.0880126953125	69375.88074408207	22.77215576171875	2940.0219474389223	4
5072	549.3040161132812	69375.88074408207	22.77215576171875	2940.0219474389223	4
5073	549.4119873046875	69375.88074408207	22.77215576171875	2940.0219474389223	4
5076	549.7360229492188	69375.88074408207	22.77215576171875	2940.0219474389223	4
5077	549.843994140625	69375.88074408207	22.77215576171875	2940.0219474389223	4
5079	550.0599975585938	69375.88074408207	22.77215576171875	2940.0219474389223	4
5080	550.1680297851562	69375.88074408207	22.77215576171875	2940.0219474389223	4
5081	550.2760009765625	69375.88074408207	22.77215576171875	2940.0219474389223	4
5082	550.3839721679688	69375.88074408207	22.77215576171875	2940.0219474389223	4
5084	550.5999755859375	69375.88074408207	22.77215576171875	2940.0219474389223	4
5085	550.7080078125	69375.88074408207	22.77215576171875	2940.0219474389223	4
5086	550.8159790039062	69375.88074408207	22.77215576171875	2940.0219474389223	4
5087	550.9240112304688	69375.88074408207	22.77215576171875	2940.0219474389223	4
5088	551.031982421875	69375.88074408207	22.77215576171875	2940.0219474389223	4
5089	551.1400146484375	69375.88074408207	22.77215576171875	2940.0219474389223	4
5093	551.572021484375	69375.88074408207	22.77215576171875	2940.0219474389223	4
5094	551.6799926757812	69375.88074408207	22.77215576171875	2940.0219474389223	4
5095	551.7880249023438	69375.88074408207	22.77215576171875	2940.0219474389223	4
5097	552.0040283203125	69375.88074408207	22.77215576171875	2940.0219474389223	4
5098	552.1119995117188	69375.88074408207	22.77215576171875	2940.0219474389223	4
5099	552.219970703125	69375.88074408207	22.77215576171875	2940.0219474389223	4
5102	552.5440063476562	69375.88074408207	22.77215576171875	2940.0219474389223	4
5103	552.6519775390625	69375.88074408207	22.77215576171875	2940.0219474389223	4
5104	552.760009765625	69375.88074408207	22.77215576171875	2940.0219474389223	4
5105	552.8679809570312	69375.88074408207	22.77215576171875	2940.0219474389223	4
5108	553.1920166015625	69375.88074408207	22.77215576171875	2940.0219474389223	4
5109	553.2999877929688	69375.88074408207	22.77215576171875	2940.0219474389223	4
5110	553.4080200195312	69375.88074408207	22.77215576171875	2940.0219474389223	4
5112	553.6240234375	69375.88074408207	22.77215576171875	2940.0219474389223	4
5113	553.7319946289062	69375.88074408207	22.77215576171875	2940.0219474389223	4
5115	553.947998046875	69375.88074408207	22.77215576171875	2940.0219474389223	4
5116	554.0560302734375	69375.88074408207	22.77215576171875	2940.0219474389223	4
5117	554.1640014648438	69375.88074408207	22.77215576171875	2940.0219474389223	4
5118	554.27197265625	69375.88074408207	22.77215576171875	2940.0219474389223	4
5119	554.3800048828125	69375.88074408207	22.77215576171875	2940.0219474389223	4
5120	554.4879760742188	69375.88074408207	22.77215576171875	2940.0219474389223	4
5121	554.5960083007812	69375.88074408207	22.77215576171875	2940.0219474389223	4
5122	554.7039794921875	69375.88074408207	22.77215576171875	2940.0219474389223	4
5123	554.81201171875	69375.88074408207	22.77215576171875	2940.0219474389223	4
5124	554.9199829101562	69375.88074408207	22.77215576171875	2940.0219474389223	4
